RLidar: {'hit': array([0, 0, 0, 0, 0, 0, 0, 0, 0, 0, 0, 0, 0, 0, 0, 0, 0, 0, 0, 0, 0, 0,
       0, 0, 0, 0, 0, 0, 0, 0, 0, 0, 0, 0, 0, 0, 0, 0, 0, 0, 0, 0, 0, 0,
       0, 0, 0, 0, 0, 0, 0, 0, 0, 0, 0, 0, 0, 0, 0, 0, 0, 0, 0, 0, 0, 0,
       0, 0, 0, 0, 0, 0, 0, 0, 0, 0, 0, 0, 0, 0, 0, 0, 0, 0, 0, 0, 0, 0,
       0, 0, 0, 0, 0, 0, 0, 0, 0, 0, 0, 0, 0, 0, 0, 0, 0, 0, 0, 0, 0, 0,
       0, 0, 0, 0, 0, 0, 0, 0, 0, 0, 0, 0, 0, 0, 0, 0, 0, 0, 0, 0, 0, 0,
       0, 0, 0, 0, 0, 0, 0, 0, 0, 0, 0, 0, 0, 0, 0, 0, 0, 0, 1, 1, 1, 1,
       0, 1, 1, 1, 1, 1, 0, 1, 1, 1, 1, 0, 1, 0, 1, 1, 1, 0, 0, 0, 1, 1,
       1, 0, 0, 0, 1, 1, 1, 0, 1, 1, 1, 1, 1, 0, 1, 0, 1, 1, 1, 0, 0, 0,
       1, 1, 1, 0, 0, 0, 1, 1, 1, 0, 0, 1, 1, 1, 1, 0, 1, 1, 1, 1, 1, 1,
       1, 1, 1, 1, 1, 0, 1, 1, 1, 1, 1, 0, 0, 1, 1, 1, 1, 0, 1, 1, 1, 1,
       1, 0, 0, 0, 1, 1, 1, 1, 0, 0, 1, 1, 1, 1, 1, 1, 1, 1, 1, 0, 0, 1,
       1, 1, 1, 1, 0, 1, 1, 1, 1, 1, 1, 0, 1, 1, 1, 0, 1, 0, 1, 1, 1, 1,
       0, 1, 1, 1, 1, 1, 1, 0, 1, 1, 1, 0, 0, 1], dtype=int8), 'point_cloud': array([[ 0.00000000e+00,  0.00000000e+00,  0.00000000e+00],
       [ 0.00000000e+00,  0.00000000e+00,  0.00000000e+00],
       [ 0.00000000e+00,  0.00000000e+00,  0.00000000e+00],
       [ 0.00000000e+00,  0.00000000e+00,  0.00000000e+00],
       [ 0.00000000e+00,  0.00000000e+00,  0.00000000e+00],
       [ 0.00000000e+00,  0.00000000e+00,  0.00000000e+00],
       [ 0.00000000e+00,  0.00000000e+00,  0.00000000e+00],
       [ 0.00000000e+00,  0.00000000e+00,  0.00000000e+00],
       [ 0.00000000e+00,  0.00000000e+00,  0.00000000e+00],
       [ 0.00000000e+00,  0.00000000e+00,  0.00000000e+00],
       [ 0.00000000e+00,  0.00000000e+00,  0.00000000e+00],
       [ 0.00000000e+00,  0.00000000e+00,  0.00000000e+00],
       [ 0.00000000e+00,  0.00000000e+00,  0.00000000e+00],
       [ 0.00000000e+00,  0.00000000e+00,  0.00000000e+00],
       [ 0.00000000e+00,  0.00000000e+00,  0.00000000e+00],
       [ 0.00000000e+00,  0.00000000e+00,  0.00000000e+00],
       [ 0.00000000e+00,  0.00000000e+00,  0.00000000e+00],
       [ 0.00000000e+00,  0.00000000e+00,  0.00000000e+00],
       [ 0.00000000e+00,  0.00000000e+00,  0.00000000e+00],
       [ 0.00000000e+00,  0.00000000e+00,  0.00000000e+00],
       [ 0.00000000e+00,  0.00000000e+00,  0.00000000e+00],
       [ 0.00000000e+00,  0.00000000e+00,  0.00000000e+00],
       [ 0.00000000e+00,  0.00000000e+00,  0.00000000e+00],
       [ 0.00000000e+00,  0.00000000e+00,  0.00000000e+00],
       [ 0.00000000e+00,  0.00000000e+00,  0.00000000e+00],
       [ 0.00000000e+00,  0.00000000e+00,  0.00000000e+00],
       [ 0.00000000e+00,  0.00000000e+00,  0.00000000e+00],
       [ 0.00000000e+00,  0.00000000e+00,  0.00000000e+00],
       [ 0.00000000e+00,  0.00000000e+00,  0.00000000e+00],
       [ 0.00000000e+00,  0.00000000e+00,  0.00000000e+00],
       [ 0.00000000e+00,  0.00000000e+00,  0.00000000e+00],
       [ 0.00000000e+00,  0.00000000e+00,  0.00000000e+00],
       [ 0.00000000e+00,  0.00000000e+00,  0.00000000e+00],
       [ 0.00000000e+00,  0.00000000e+00,  0.00000000e+00],
       [ 0.00000000e+00,  0.00000000e+00,  0.00000000e+00],
       [ 0.00000000e+00,  0.00000000e+00,  0.00000000e+00],
       [ 0.00000000e+00,  0.00000000e+00,  0.00000000e+00],
       [ 0.00000000e+00,  0.00000000e+00,  0.00000000e+00],
       [ 0.00000000e+00,  0.00000000e+00,  0.00000000e+00],
       [ 0.00000000e+00,  0.00000000e+00,  0.00000000e+00],
       [ 0.00000000e+00,  0.00000000e+00,  0.00000000e+00],
       [ 0.00000000e+00,  0.00000000e+00,  0.00000000e+00],
       [ 0.00000000e+00,  0.00000000e+00,  0.00000000e+00],
       [ 0.00000000e+00,  0.00000000e+00,  0.00000000e+00],
       [ 0.00000000e+00,  0.00000000e+00,  0.00000000e+00],
       [ 0.00000000e+00,  0.00000000e+00,  0.00000000e+00],
       [ 0.00000000e+00,  0.00000000e+00,  0.00000000e+00],
       [ 0.00000000e+00,  0.00000000e+00,  0.00000000e+00],
       [ 0.00000000e+00,  0.00000000e+00,  0.00000000e+00],
       [ 0.00000000e+00,  0.00000000e+00,  0.00000000e+00],
       [ 0.00000000e+00,  0.00000000e+00,  0.00000000e+00],
       [ 0.00000000e+00,  0.00000000e+00,  0.00000000e+00],
       [ 0.00000000e+00,  0.00000000e+00,  0.00000000e+00],
       [ 0.00000000e+00,  0.00000000e+00,  0.00000000e+00],
       [ 0.00000000e+00,  0.00000000e+00,  0.00000000e+00],
       [ 0.00000000e+00,  0.00000000e+00,  0.00000000e+00],
       [ 0.00000000e+00,  0.00000000e+00,  0.00000000e+00],
       [ 0.00000000e+00,  0.00000000e+00,  0.00000000e+00],
       [ 0.00000000e+00,  0.00000000e+00,  0.00000000e+00],
       [ 0.00000000e+00,  0.00000000e+00,  0.00000000e+00],
       [ 0.00000000e+00,  0.00000000e+00,  0.00000000e+00],
       [ 0.00000000e+00,  0.00000000e+00,  0.00000000e+00],
       [ 0.00000000e+00,  0.00000000e+00,  0.00000000e+00],
       [ 0.00000000e+00,  0.00000000e+00,  0.00000000e+00],
       [ 0.00000000e+00,  0.00000000e+00,  0.00000000e+00],
       [ 0.00000000e+00,  0.00000000e+00,  0.00000000e+00],
       [ 0.00000000e+00,  0.00000000e+00,  0.00000000e+00],
       [ 0.00000000e+00,  0.00000000e+00,  0.00000000e+00],
       [ 0.00000000e+00,  0.00000000e+00,  0.00000000e+00],
       [ 0.00000000e+00,  0.00000000e+00,  0.00000000e+00],
       [ 0.00000000e+00,  0.00000000e+00,  0.00000000e+00],
       [ 0.00000000e+00,  0.00000000e+00,  0.00000000e+00],
       [ 0.00000000e+00,  0.00000000e+00,  0.00000000e+00],
       [ 0.00000000e+00,  0.00000000e+00,  0.00000000e+00],
       [ 0.00000000e+00,  0.00000000e+00,  0.00000000e+00],
       [ 0.00000000e+00,  0.00000000e+00,  0.00000000e+00],
       [ 0.00000000e+00,  0.00000000e+00,  0.00000000e+00],
       [ 0.00000000e+00,  0.00000000e+00,  0.00000000e+00],
       [ 0.00000000e+00,  0.00000000e+00,  0.00000000e+00],
       [ 0.00000000e+00,  0.00000000e+00,  0.00000000e+00],
       [ 0.00000000e+00,  0.00000000e+00,  0.00000000e+00],
       [ 0.00000000e+00,  0.00000000e+00,  0.00000000e+00],
       [ 0.00000000e+00,  0.00000000e+00,  0.00000000e+00],
       [ 0.00000000e+00,  0.00000000e+00,  0.00000000e+00],
       [ 0.00000000e+00,  0.00000000e+00,  0.00000000e+00],
       [ 0.00000000e+00,  0.00000000e+00,  0.00000000e+00],
       [ 0.00000000e+00,  0.00000000e+00,  0.00000000e+00],
       [ 0.00000000e+00,  0.00000000e+00,  0.00000000e+00],
       [ 0.00000000e+00,  0.00000000e+00,  0.00000000e+00],
       [ 0.00000000e+00,  0.00000000e+00,  0.00000000e+00],
       [ 0.00000000e+00,  0.00000000e+00,  0.00000000e+00],
       [ 0.00000000e+00,  0.00000000e+00,  0.00000000e+00],
       [ 0.00000000e+00,  0.00000000e+00,  0.00000000e+00],
       [ 0.00000000e+00,  0.00000000e+00,  0.00000000e+00],
       [ 0.00000000e+00,  0.00000000e+00,  0.00000000e+00],
       [ 0.00000000e+00,  0.00000000e+00,  0.00000000e+00],
       [ 0.00000000e+00,  0.00000000e+00,  0.00000000e+00],
       [ 0.00000000e+00,  0.00000000e+00,  0.00000000e+00],
       [ 0.00000000e+00,  0.00000000e+00,  0.00000000e+00],
       [ 0.00000000e+00,  0.00000000e+00,  0.00000000e+00],
       [ 0.00000000e+00,  0.00000000e+00,  0.00000000e+00],
       [ 0.00000000e+00,  0.00000000e+00,  0.00000000e+00],
       [ 0.00000000e+00,  0.00000000e+00,  0.00000000e+00],
       [ 0.00000000e+00,  0.00000000e+00,  0.00000000e+00],
       [ 0.00000000e+00,  0.00000000e+00,  0.00000000e+00],
       [ 0.00000000e+00,  0.00000000e+00,  0.00000000e+00],
       [ 0.00000000e+00,  0.00000000e+00,  0.00000000e+00],
       [ 0.00000000e+00,  0.00000000e+00,  0.00000000e+00],
       [ 0.00000000e+00,  0.00000000e+00,  0.00000000e+00],
       [ 0.00000000e+00,  0.00000000e+00,  0.00000000e+00],
       [ 0.00000000e+00,  0.00000000e+00,  0.00000000e+00],
       [ 0.00000000e+00,  0.00000000e+00,  0.00000000e+00],
       [ 0.00000000e+00,  0.00000000e+00,  0.00000000e+00],
       [ 0.00000000e+00,  0.00000000e+00,  0.00000000e+00],
       [ 0.00000000e+00,  0.00000000e+00,  0.00000000e+00],
       [ 0.00000000e+00,  0.00000000e+00,  0.00000000e+00],
       [ 0.00000000e+00,  0.00000000e+00,  0.00000000e+00],
       [ 0.00000000e+00,  0.00000000e+00,  0.00000000e+00],
       [ 0.00000000e+00,  0.00000000e+00,  0.00000000e+00],
       [ 0.00000000e+00,  0.00000000e+00,  0.00000000e+00],
       [ 0.00000000e+00,  0.00000000e+00,  0.00000000e+00],
       [ 0.00000000e+00,  0.00000000e+00,  0.00000000e+00],
       [ 0.00000000e+00,  0.00000000e+00,  0.00000000e+00],
       [ 0.00000000e+00,  0.00000000e+00,  0.00000000e+00],
       [ 0.00000000e+00,  0.00000000e+00,  0.00000000e+00],
       [ 0.00000000e+00,  0.00000000e+00,  0.00000000e+00],
       [ 0.00000000e+00,  0.00000000e+00,  0.00000000e+00],
       [ 0.00000000e+00,  0.00000000e+00,  0.00000000e+00],
       [ 0.00000000e+00,  0.00000000e+00,  0.00000000e+00],
       [ 0.00000000e+00,  0.00000000e+00,  0.00000000e+00],
       [ 0.00000000e+00,  0.00000000e+00,  0.00000000e+00],
       [ 0.00000000e+00,  0.00000000e+00,  0.00000000e+00],
       [ 0.00000000e+00,  0.00000000e+00,  0.00000000e+00],
       [ 0.00000000e+00,  0.00000000e+00,  0.00000000e+00],
       [ 0.00000000e+00,  0.00000000e+00,  0.00000000e+00],
       [ 0.00000000e+00,  0.00000000e+00,  0.00000000e+00],
       [ 0.00000000e+00,  0.00000000e+00,  0.00000000e+00],
       [ 0.00000000e+00,  0.00000000e+00,  0.00000000e+00],
       [ 0.00000000e+00,  0.00000000e+00,  0.00000000e+00],
       [ 0.00000000e+00,  0.00000000e+00,  0.00000000e+00],
       [ 0.00000000e+00,  0.00000000e+00,  0.00000000e+00],
       [ 0.00000000e+00,  0.00000000e+00,  0.00000000e+00],
       [ 0.00000000e+00,  0.00000000e+00,  0.00000000e+00],
       [ 0.00000000e+00,  0.00000000e+00,  0.00000000e+00],
       [ 0.00000000e+00,  0.00000000e+00,  0.00000000e+00],
       [ 0.00000000e+00,  0.00000000e+00,  0.00000000e+00],
       [ 0.00000000e+00,  0.00000000e+00,  0.00000000e+00],
       [ 0.00000000e+00,  0.00000000e+00,  0.00000000e+00],
       [ 0.00000000e+00,  0.00000000e+00,  0.00000000e+00],
       [ 0.00000000e+00,  0.00000000e+00,  0.00000000e+00],
       [ 3.90900000e+01, -1.34121872e+01, -5.57318081e-13],
       [ 2.37649729e+01, -5.04008675e+00, -9.53889745e-13],
       [ 2.25297050e+01,  1.23789441e+01, -4.73149298e-13],
       [ 3.65198960e+01,  2.28299287e+01,  4.42521020e-13],
       [ 0.00000000e+00,  0.00000000e+00,  0.00000000e+00],
       [ 5.65541084e+01, -3.66108831e-01,  5.85725912e-13],
       [ 3.90900000e+01, -1.18913176e+01, -5.10758102e-13],
       [ 2.50447405e+01, -4.21835741e+00, -8.74050832e-13],
       [ 2.39126278e+01,  1.17460390e+01, -4.33736380e-13],
       [ 3.67345211e+01,  2.13242792e+01,  4.05508960e-13],
       [ 0.00000000e+00,  0.00000000e+00,  0.00000000e+00],
       [ 5.50957097e+01,  6.53043596e-02,  5.36792832e-13],
       [ 3.90900000e+01, -1.06041719e+01, -4.71289674e-13],
       [ 2.61278363e+01, -3.52290960e+00, -8.06715805e-13],
       [ 2.50830261e+01,  1.12103974e+01, -4.00207645e-13],
       [ 0.00000000e+00,  0.00000000e+00,  0.00000000e+00],
       [ 5.07479157e+01,  1.48688387e+01,  8.04911693e-13],
       [ 0.00000000e+00,  0.00000000e+00,  0.00000000e+00],
       [ 3.90900000e+01, -9.50066626e+00, -4.37760939e-13],
       [ 2.70564043e+01, -2.92668295e+00, -7.48900941e-13],
       [ 2.60864410e+01,  1.07511770e+01, -3.71425113e-13],
       [ 0.00000000e+00,  0.00000000e+00,  0.00000000e+00],
       [ 0.00000000e+00,  0.00000000e+00,  0.00000000e+00],
       [ 0.00000000e+00,  0.00000000e+00,  0.00000000e+00],
       [ 3.90900000e+01, -8.54407264e+00, -4.08506562e-13],
       [ 2.78613501e+01, -2.40983322e+00, -6.98885394e-13],
       [ 2.69562691e+01,  1.03530936e+01, -3.46611628e-13],
       [ 0.00000000e+00,  0.00000000e+00,  0.00000000e+00],
       [ 0.00000000e+00,  0.00000000e+00,  0.00000000e+00],
       [ 0.00000000e+00,  0.00000000e+00,  0.00000000e+00],
       [ 3.90900000e+01, -7.70684498e+00, -3.82638365e-13],
       [ 2.85658528e+01, -1.95747718e+00, -6.54976073e-13],
       [ 2.77175580e+01,  1.00046840e+01, -3.24851257e-13],
       [ 0.00000000e+00,  0.00000000e+00,  0.00000000e+00],
       [ 4.85552115e+01,  1.29750194e+01,  6.53588295e-13],
       [ 5.10831173e+01,  1.25228102e+00,  4.02233802e-13],
       [ 3.90900000e+01, -6.96791864e+00, -3.60100838e-13],
       [ 2.91876379e+01, -1.55823358e+00, -6.16395823e-13],
       [ 2.83894619e+01,  9.69718212e+00, -3.05588888e-13],
       [ 0.00000000e+00,  0.00000000e+00,  0.00000000e+00],
       [ 4.79959902e+01,  1.24920250e+01,  6.15008044e-13],
       [ 0.00000000e+00,  0.00000000e+00,  0.00000000e+00],
       [ 3.90900000e+01, -6.31091000e+00, -3.40005801e-13],
       [ 2.97404916e+01, -1.20325030e+00, -5.81812376e-13],
       [ 2.89868781e+01,  9.42377005e+00, -2.88602475e-13],
       [ 0.00000000e+00,  0.00000000e+00,  0.00000000e+00],
       [ 0.00000000e+00,  0.00000000e+00,  0.00000000e+00],
       [ 0.00000000e+00,  0.00000000e+00,  0.00000000e+00],
       [ 3.90900000e+01, -5.72288463e+00, -3.22075699e-13],
       [ 3.02352979e+01, -8.85538832e-01, -5.51114709e-13],
       [ 2.95215681e+01,  9.17906515e+00, -2.73392420e-13],
       [ 0.00000000e+00,  0.00000000e+00,  0.00000000e+00],
       [ 0.00000000e+00,  0.00000000e+00,  0.00000000e+00],
       [ 0.00000000e+00,  0.00000000e+00,  0.00000000e+00],
       [ 3.90900000e+01, -5.19349498e+00, -3.05866443e-13],
       [ 3.06807639e+01, -5.99508383e-01, -5.23192600e-13],
       [ 3.00029407e+01,  8.95876132e+00, -2.59570143e-13],
       [ 0.00000000e+00,  0.00000000e+00,  0.00000000e+00],
       [ 0.00000000e+00,  0.00000000e+00,  0.00000000e+00],
       [ 4.86730049e+01,  1.96522337e+00,  3.21576099e-13],
       [ 3.90900000e+01, -4.71436445e+00, -2.91211499e-13],
       [ 3.10839384e+01, -3.40633053e-01, -4.98268093e-13],
       [ 3.04386129e+01,  8.75937267e+00, -2.47135645e-13],
       [ 0.00000000e+00,  0.00000000e+00,  0.00000000e+00],
       [ 4.62904948e+01,  1.10190036e+01,  4.97268893e-13],
       [ 4.82135550e+01,  2.10113459e+00,  3.05977466e-13],
       [ 3.90900000e+01, -4.27863947e+00, -2.77666778e-13],
       [ 3.14505883e+01, -1.05209840e-01, -4.75508521e-13],
       [ 3.08348165e+01,  8.57804710e+00, -2.35811370e-13],
       [ 3.78088223e+01,  1.37877850e+01,  2.20712337e-13],
       [ 4.59607370e+01,  1.07341948e+01,  4.74509321e-13],
       [ 4.77957278e+01,  2.22473329e+00,  2.92210700e-13],
       [ 3.90900000e+01, -3.88065838e+00, -2.65787392e-13],
       [ 3.17854778e+01,  1.09820262e-01, -4.54414284e-13],
       [ 3.11966997e+01,  8.41242852e+00, -2.25486296e-13],
       [ 0.00000000e+00,  0.00000000e+00,  0.00000000e+00],
       [ 4.56595439e+01,  1.04740570e+01,  4.53415083e-13],
       [ 4.74140940e+01,  2.33762547e+00,  2.79332113e-13],
       [ 3.90900000e+01, -3.51570313e+00, -2.54352095e-13],
       [ 3.20925771e+01,  3.07006426e-01, -4.35318448e-13],
       [ 3.15285525e+01,  8.26055355e+00, -2.16049401e-13],
       [ 0.00000000e+00,  0.00000000e+00,  0.00000000e+00],
       [ 0.00000000e+00,  0.00000000e+00,  0.00000000e+00],
       [ 4.70641296e+01,  2.44114948e+00,  2.67452727e-13],
       [ 3.90900000e+01, -3.17981055e+00, -2.44138043e-13],
       [ 3.23752210e+01,  4.88489958e-01, -4.17887946e-13],
       [ 3.18339788e+01,  8.12077292e+00, -2.07056594e-13],
       [ 0.00000000e+00,  0.00000000e+00,  0.00000000e+00],
       [ 4.51291405e+01,  1.00159523e+01,  4.16888746e-13],
       [ 4.67420340e+01,  2.53642950e+00,  2.56794586e-13],
       [ 3.90900000e+01, -2.86962721e+00, -2.34590125e-13],
       [ 3.26362312e+01,  6.56082734e-01, -4.01567668e-13],
       [ 3.21160277e+01,  7.99169110e+00, -1.99285033e-13],
       [ 0.00000000e+00,  0.00000000e+00,  0.00000000e+00],
       [ 0.00000000e+00,  0.00000000e+00,  0.00000000e+00],
       [ 0.00000000e+00,  0.00000000e+00,  0.00000000e+00],
       [ 3.90900000e+01, -2.58229645e+00, -2.25930386e-13],
       [ 3.28780117e+01,  8.11328205e-01, -3.86579657e-13],
       [ 3.23772968e+01,  7.87211931e+00, -1.91735516e-13],
       [ 3.80482103e+01,  1.21084181e+01,  1.79412041e-13],
       [ 0.00000000e+00,  0.00000000e+00,  0.00000000e+00],
       [ 0.00000000e+00,  0.00000000e+00,  0.00000000e+00],
       [ 3.90900000e+01, -2.31536972e+00, -2.17714735e-13],
       [ 3.31026228e+01,  9.55549332e-01, -3.72479825e-13],
       [ 3.26200126e+01,  7.76103860e+00, -1.84852134e-13],
       [ 3.80858790e+01,  1.18441626e+01,  1.72861725e-13],
       [ 4.44749296e+01,  9.45091603e+00,  3.71924713e-13],
       [ 4.59131007e+01,  2.78163867e+00,  2.28927988e-13],
       [ 3.90900000e+01, -2.06673620e+00, -2.10054196e-13],
       [ 3.33118407e+01,  1.08988660e+00, -3.59490215e-13],
       [ 3.28460944e+01,  7.65757055e+00, -1.78301818e-13],
       [ 0.00000000e+00,  0.00000000e+00,  0.00000000e+00],
       [ 0.00000000e+00,  0.00000000e+00,  0.00000000e+00],
       [ 4.56746800e+01,  2.85216660e+00,  2.20934382e-13],
       [ 3.90900000e+01, -1.83456650e+00, -2.02837747e-13],
       [ 3.35072048e+01,  1.21532842e+00, -3.47610829e-13],
       [ 3.30572058e+01,  7.56095386e+00, -1.72306613e-13],
       [ 3.81537299e+01,  1.13681711e+01,  1.61315405e-13],
       [ 0.00000000e+00,  0.00000000e+00,  0.00000000e+00],
       [ 4.54520469e+01,  2.91802437e+00,  2.13495888e-13],
       [ 3.90900000e+01, -1.61726728e+00, -1.96398453e-13],
       [ 3.36900558e+01,  1.33273569e+00, -3.36064510e-13],
       [ 3.32547954e+01,  7.47052548e+00, -1.66533454e-13],
       [ 3.81843952e+01,  1.11530465e+01,  1.56097357e-13],
       [ 4.39466039e+01,  8.99460582e+00,  3.35509398e-13],
       [ 0.00000000e+00,  0.00000000e+00,  0.00000000e+00],
       [ 3.90900000e+01, -1.41344438e+00, -1.90070182e-13],
       [ 3.38615668e+01,  1.44286167e+00, -3.25406369e-13],
       [ 3.34401310e+01,  7.38570522e+00, -1.61537450e-13],
       [ 0.00000000e+00,  0.00000000e+00,  0.00000000e+00],
       [ 4.37923502e+01,  8.86137828e+00,  3.24740235e-13],
       [ 0.00000000e+00,  0.00000000e+00,  0.00000000e+00],
       [ 3.90900000e+01, -1.22187261e+00, -1.84186000e-13],
       [ 3.40227689e+01,  1.54636834e+00, -3.15303339e-13],
       [ 3.36143267e+01,  7.30598324e+00, -1.56319402e-13],
       [ 3.82401933e+01,  1.07616087e+01,  1.46327395e-13],
       [ 0.00000000e+00,  0.00000000e+00,  0.00000000e+00],
       [ 4.48645198e+01,  3.09182245e+00,  1.93844940e-13],
       [ 3.90900000e+01, -1.04147092e+00, -1.78745907e-13],
       [ 3.41745717e+01,  1.64383979e+00, -3.05866443e-13],
       [ 3.37783655e+01,  7.23090965e+00, -1.51767487e-13],
       [ 3.82656516e+01,  1.05830124e+01,  1.41997525e-13],
       [ 4.35108398e+01,  8.61824021e+00,  3.05311332e-13],
       [ 0.00000000e+00,  0.00000000e+00,  0.00000000e+00],
       [ 3.90900000e+01, -8.71281820e-01, -1.73527859e-13],
       [ 3.43177809e+01,  1.73579336e+00, -2.96873637e-13],
       [ 3.39331180e+01,  7.16008599e+00, -1.47326595e-13],
       [ 0.00000000e+00,  0.00000000e+00,  0.00000000e+00],
       [ 0.00000000e+00,  0.00000000e+00,  0.00000000e+00],
       [ 4.45283298e+01,  3.19127180e+00,  1.82520665e-13]]), 'ray_origin': array([[39.09,  4.8 ,  1.  ],
       [39.09,  4.8 ,  1.  ],
       [39.09,  4.8 ,  1.  ],
       [39.09,  4.8 ,  1.  ],
       [39.09,  4.8 ,  1.  ],
       [39.09,  4.8 ,  1.  ],
       [39.09,  4.8 ,  1.  ],
       [39.09,  4.8 ,  1.  ],
       [39.09,  4.8 ,  1.  ],
       [39.09,  4.8 ,  1.  ],
       [39.09,  4.8 ,  1.  ],
       [39.09,  4.8 ,  1.  ],
       [39.09,  4.8 ,  1.  ],
       [39.09,  4.8 ,  1.  ],
       [39.09,  4.8 ,  1.  ],
       [39.09,  4.8 ,  1.  ],
       [39.09,  4.8 ,  1.  ],
       [39.09,  4.8 ,  1.  ],
       [39.09,  4.8 ,  1.  ],
       [39.09,  4.8 ,  1.  ],
       [39.09,  4.8 ,  1.  ],
       [39.09,  4.8 ,  1.  ],
       [39.09,  4.8 ,  1.  ],
       [39.09,  4.8 ,  1.  ],
       [39.09,  4.8 ,  1.  ],
       [39.09,  4.8 ,  1.  ],
       [39.09,  4.8 ,  1.  ],
       [39.09,  4.8 ,  1.  ],
       [39.09,  4.8 ,  1.  ],
       [39.09,  4.8 ,  1.  ],
       [39.09,  4.8 ,  1.  ],
       [39.09,  4.8 ,  1.  ],
       [39.09,  4.8 ,  1.  ],
       [39.09,  4.8 ,  1.  ],
       [39.09,  4.8 ,  1.  ],
       [39.09,  4.8 ,  1.  ],
       [39.09,  4.8 ,  1.  ],
       [39.09,  4.8 ,  1.  ],
       [39.09,  4.8 ,  1.  ],
       [39.09,  4.8 ,  1.  ],
       [39.09,  4.8 ,  1.  ],
       [39.09,  4.8 ,  1.  ],
       [39.09,  4.8 ,  1.  ],
       [39.09,  4.8 ,  1.  ],
       [39.09,  4.8 ,  1.  ],
       [39.09,  4.8 ,  1.  ],
       [39.09,  4.8 ,  1.  ],
       [39.09,  4.8 ,  1.  ],
       [39.09,  4.8 ,  1.  ],
       [39.09,  4.8 ,  1.  ],
       [39.09,  4.8 ,  1.  ],
       [39.09,  4.8 ,  1.  ],
       [39.09,  4.8 ,  1.  ],
       [39.09,  4.8 ,  1.  ],
       [39.09,  4.8 ,  1.  ],
       [39.09,  4.8 ,  1.  ],
       [39.09,  4.8 ,  1.  ],
       [39.09,  4.8 ,  1.  ],
       [39.09,  4.8 ,  1.  ],
       [39.09,  4.8 ,  1.  ],
       [39.09,  4.8 ,  1.  ],
       [39.09,  4.8 ,  1.  ],
       [39.09,  4.8 ,  1.  ],
       [39.09,  4.8 ,  1.  ],
       [39.09,  4.8 ,  1.  ],
       [39.09,  4.8 ,  1.  ],
       [39.09,  4.8 ,  1.  ],
       [39.09,  4.8 ,  1.  ],
       [39.09,  4.8 ,  1.  ],
       [39.09,  4.8 ,  1.  ],
       [39.09,  4.8 ,  1.  ],
       [39.09,  4.8 ,  1.  ],
       [39.09,  4.8 ,  1.  ],
       [39.09,  4.8 ,  1.  ],
       [39.09,  4.8 ,  1.  ],
       [39.09,  4.8 ,  1.  ],
       [39.09,  4.8 ,  1.  ],
       [39.09,  4.8 ,  1.  ],
       [39.09,  4.8 ,  1.  ],
       [39.09,  4.8 ,  1.  ],
       [39.09,  4.8 ,  1.  ],
       [39.09,  4.8 ,  1.  ],
       [39.09,  4.8 ,  1.  ],
       [39.09,  4.8 ,  1.  ],
       [39.09,  4.8 ,  1.  ],
       [39.09,  4.8 ,  1.  ],
       [39.09,  4.8 ,  1.  ],
       [39.09,  4.8 ,  1.  ],
       [39.09,  4.8 ,  1.  ],
       [39.09,  4.8 ,  1.  ],
       [39.09,  4.8 ,  1.  ],
       [39.09,  4.8 ,  1.  ],
       [39.09,  4.8 ,  1.  ],
       [39.09,  4.8 ,  1.  ],
       [39.09,  4.8 ,  1.  ],
       [39.09,  4.8 ,  1.  ],
       [39.09,  4.8 ,  1.  ],
       [39.09,  4.8 ,  1.  ],
       [39.09,  4.8 ,  1.  ],
       [39.09,  4.8 ,  1.  ],
       [39.09,  4.8 ,  1.  ],
       [39.09,  4.8 ,  1.  ],
       [39.09,  4.8 ,  1.  ],
       [39.09,  4.8 ,  1.  ],
       [39.09,  4.8 ,  1.  ],
       [39.09,  4.8 ,  1.  ],
       [39.09,  4.8 ,  1.  ],
       [39.09,  4.8 ,  1.  ],
       [39.09,  4.8 ,  1.  ],
       [39.09,  4.8 ,  1.  ],
       [39.09,  4.8 ,  1.  ],
       [39.09,  4.8 ,  1.  ],
       [39.09,  4.8 ,  1.  ],
       [39.09,  4.8 ,  1.  ],
       [39.09,  4.8 ,  1.  ],
       [39.09,  4.8 ,  1.  ],
       [39.09,  4.8 ,  1.  ],
       [39.09,  4.8 ,  1.  ],
       [39.09,  4.8 ,  1.  ],
       [39.09,  4.8 ,  1.  ],
       [39.09,  4.8 ,  1.  ],
       [39.09,  4.8 ,  1.  ],
       [39.09,  4.8 ,  1.  ],
       [39.09,  4.8 ,  1.  ],
       [39.09,  4.8 ,  1.  ],
       [39.09,  4.8 ,  1.  ],
       [39.09,  4.8 ,  1.  ],
       [39.09,  4.8 ,  1.  ],
       [39.09,  4.8 ,  1.  ],
       [39.09,  4.8 ,  1.  ],
       [39.09,  4.8 ,  1.  ],
       [39.09,  4.8 ,  1.  ],
       [39.09,  4.8 ,  1.  ],
       [39.09,  4.8 ,  1.  ],
       [39.09,  4.8 ,  1.  ],
       [39.09,  4.8 ,  1.  ],
       [39.09,  4.8 ,  1.  ],
       [39.09,  4.8 ,  1.  ],
       [39.09,  4.8 ,  1.  ],
       [39.09,  4.8 ,  1.  ],
       [39.09,  4.8 ,  1.  ],
       [39.09,  4.8 ,  1.  ],
       [39.09,  4.8 ,  1.  ],
       [39.09,  4.8 ,  1.  ],
       [39.09,  4.8 ,  1.  ],
       [39.09,  4.8 ,  1.  ],
       [39.09,  4.8 ,  1.  ],
       [39.09,  4.8 ,  1.  ],
       [39.09,  4.8 ,  1.  ],
       [39.09,  4.8 ,  1.  ],
       [39.09,  4.8 ,  1.  ],
       [39.09,  4.8 ,  1.  ],
       [39.09,  4.8 ,  1.  ],
       [39.09,  4.8 ,  1.  ],
       [39.09,  4.8 ,  1.  ],
       [39.09,  4.8 ,  1.  ],
       [39.09,  4.8 ,  1.  ],
       [39.09,  4.8 ,  1.  ],
       [39.09,  4.8 ,  1.  ],
       [39.09,  4.8 ,  1.  ],
       [39.09,  4.8 ,  1.  ],
       [39.09,  4.8 ,  1.  ],
       [39.09,  4.8 ,  1.  ],
       [39.09,  4.8 ,  1.  ],
       [39.09,  4.8 ,  1.  ],
       [39.09,  4.8 ,  1.  ],
       [39.09,  4.8 ,  1.  ],
       [39.09,  4.8 ,  1.  ],
       [39.09,  4.8 ,  1.  ],
       [39.09,  4.8 ,  1.  ],
       [39.09,  4.8 ,  1.  ],
       [39.09,  4.8 ,  1.  ],
       [39.09,  4.8 ,  1.  ],
       [39.09,  4.8 ,  1.  ],
       [39.09,  4.8 ,  1.  ],
       [39.09,  4.8 ,  1.  ],
       [39.09,  4.8 ,  1.  ],
       [39.09,  4.8 ,  1.  ],
       [39.09,  4.8 ,  1.  ],
       [39.09,  4.8 ,  1.  ],
       [39.09,  4.8 ,  1.  ],
       [39.09,  4.8 ,  1.  ],
       [39.09,  4.8 ,  1.  ],
       [39.09,  4.8 ,  1.  ],
       [39.09,  4.8 ,  1.  ],
       [39.09,  4.8 ,  1.  ],
       [39.09,  4.8 ,  1.  ],
       [39.09,  4.8 ,  1.  ],
       [39.09,  4.8 ,  1.  ],
       [39.09,  4.8 ,  1.  ],
       [39.09,  4.8 ,  1.  ],
       [39.09,  4.8 ,  1.  ],
       [39.09,  4.8 ,  1.  ],
       [39.09,  4.8 ,  1.  ],
       [39.09,  4.8 ,  1.  ],
       [39.09,  4.8 ,  1.  ],
       [39.09,  4.8 ,  1.  ],
       [39.09,  4.8 ,  1.  ],
       [39.09,  4.8 ,  1.  ],
       [39.09,  4.8 ,  1.  ],
       [39.09,  4.8 ,  1.  ],
       [39.09,  4.8 ,  1.  ],
       [39.09,  4.8 ,  1.  ],
       [39.09,  4.8 ,  1.  ],
       [39.09,  4.8 ,  1.  ],
       [39.09,  4.8 ,  1.  ],
       [39.09,  4.8 ,  1.  ],
       [39.09,  4.8 ,  1.  ],
       [39.09,  4.8 ,  1.  ],
       [39.09,  4.8 ,  1.  ],
       [39.09,  4.8 ,  1.  ],
       [39.09,  4.8 ,  1.  ],
       [39.09,  4.8 ,  1.  ],
       [39.09,  4.8 ,  1.  ],
       [39.09,  4.8 ,  1.  ],
       [39.09,  4.8 ,  1.  ],
       [39.09,  4.8 ,  1.  ],
       [39.09,  4.8 ,  1.  ],
       [39.09,  4.8 ,  1.  ],
       [39.09,  4.8 ,  1.  ],
       [39.09,  4.8 ,  1.  ],
       [39.09,  4.8 ,  1.  ],
       [39.09,  4.8 ,  1.  ],
       [39.09,  4.8 ,  1.  ],
       [39.09,  4.8 ,  1.  ],
       [39.09,  4.8 ,  1.  ],
       [39.09,  4.8 ,  1.  ],
       [39.09,  4.8 ,  1.  ],
       [39.09,  4.8 ,  1.  ],
       [39.09,  4.8 ,  1.  ],
       [39.09,  4.8 ,  1.  ],
       [39.09,  4.8 ,  1.  ],
       [39.09,  4.8 ,  1.  ],
       [39.09,  4.8 ,  1.  ],
       [39.09,  4.8 ,  1.  ],
       [39.09,  4.8 ,  1.  ],
       [39.09,  4.8 ,  1.  ],
       [39.09,  4.8 ,  1.  ],
       [39.09,  4.8 ,  1.  ],
       [39.09,  4.8 ,  1.  ],
       [39.09,  4.8 ,  1.  ],
       [39.09,  4.8 ,  1.  ],
       [39.09,  4.8 ,  1.  ],
       [39.09,  4.8 ,  1.  ],
       [39.09,  4.8 ,  1.  ],
       [39.09,  4.8 ,  1.  ],
       [39.09,  4.8 ,  1.  ],
       [39.09,  4.8 ,  1.  ],
       [39.09,  4.8 ,  1.  ],
       [39.09,  4.8 ,  1.  ],
       [39.09,  4.8 ,  1.  ],
       [39.09,  4.8 ,  1.  ],
       [39.09,  4.8 ,  1.  ],
       [39.09,  4.8 ,  1.  ],
       [39.09,  4.8 ,  1.  ],
       [39.09,  4.8 ,  1.  ],
       [39.09,  4.8 ,  1.  ],
       [39.09,  4.8 ,  1.  ],
       [39.09,  4.8 ,  1.  ],
       [39.09,  4.8 ,  1.  ],
       [39.09,  4.8 ,  1.  ],
       [39.09,  4.8 ,  1.  ],
       [39.09,  4.8 ,  1.  ],
       [39.09,  4.8 ,  1.  ],
       [39.09,  4.8 ,  1.  ],
       [39.09,  4.8 ,  1.  ],
       [39.09,  4.8 ,  1.  ],
       [39.09,  4.8 ,  1.  ],
       [39.09,  4.8 ,  1.  ],
       [39.09,  4.8 ,  1.  ],
       [39.09,  4.8 ,  1.  ],
       [39.09,  4.8 ,  1.  ],
       [39.09,  4.8 ,  1.  ],
       [39.09,  4.8 ,  1.  ],
       [39.09,  4.8 ,  1.  ],
       [39.09,  4.8 ,  1.  ],
       [39.09,  4.8 ,  1.  ],
       [39.09,  4.8 ,  1.  ],
       [39.09,  4.8 ,  1.  ],
       [39.09,  4.8 ,  1.  ],
       [39.09,  4.8 ,  1.  ],
       [39.09,  4.8 ,  1.  ],
       [39.09,  4.8 ,  1.  ],
       [39.09,  4.8 ,  1.  ],
       [39.09,  4.8 ,  1.  ],
       [39.09,  4.8 ,  1.  ],
       [39.09,  4.8 ,  1.  ],
       [39.09,  4.8 ,  1.  ],
       [39.09,  4.8 ,  1.  ],
       [39.09,  4.8 ,  1.  ],
       [39.09,  4.8 ,  1.  ],
       [39.09,  4.8 ,  1.  ],
       [39.09,  4.8 ,  1.  ],
       [39.09,  4.8 ,  1.  ],
       [39.09,  4.8 ,  1.  ],
       [39.09,  4.8 ,  1.  ],
       [39.09,  4.8 ,  1.  ],
       [39.09,  4.8 ,  1.  ],
       [39.09,  4.8 ,  1.  ],
       [39.09,  4.8 ,  1.  ]]), 'ray_vector': array([[ 3.90900000e+01, -1.51512810e+01,  2.39512947e+00],
       [ 2.23015759e+01, -5.97972313e+00,  2.39512947e+00],
       [ 2.09483515e+01,  1.31026625e+01,  2.39512947e+00],
       [ 3.62744751e+01,  2.45516185e+01,  2.39512947e+00],
       [ 5.41891792e+01,  1.78410276e+01,  2.39512947e+00],
       [ 5.82217677e+01, -8.59423973e-01,  2.39512947e+00],
       [ 3.90900000e+01, -1.51579899e+01,  2.29562239e+00],
       [ 2.22959305e+01, -5.98334799e+00,  2.29562239e+00],
       [ 2.09422511e+01,  1.31054544e+01,  2.29562239e+00],
       [ 3.62735283e+01,  2.45582603e+01,  2.29562239e+00],
       [ 5.41942566e+01,  1.78454128e+01,  2.29562239e+00],
       [ 5.82282010e+01, -8.61327045e-01,  2.29562239e+00],
       [ 3.90900000e+01, -1.51642026e+01,  2.19608308e+00],
       [ 2.22907028e+01, -5.98670470e+00,  2.19608308e+00],
       [ 2.09366020e+01,  1.31080398e+01,  2.19608308e+00],
       [ 3.62726516e+01,  2.45644108e+01,  2.19608308e+00],
       [ 5.41989583e+01,  1.78494737e+01,  2.19608308e+00],
       [ 5.82341585e+01, -8.63089339e-01,  2.19608308e+00],
       [ 3.90900000e+01, -1.51699188e+01,  2.09651403e+00],
       [ 2.22858928e+01, -5.98979318e+00,  2.09651403e+00],
       [ 2.09314042e+01,  1.31104185e+01,  2.09651403e+00],
       [ 3.62718449e+01,  2.45700698e+01,  2.09651403e+00],
       [ 5.42032844e+01,  1.78532100e+01,  2.09651403e+00],
       [ 5.82396399e+01, -8.64710811e-01,  2.09651403e+00],
       [ 3.90900000e+01, -1.51751384e+01,  1.99691771e+00],
       [ 2.22815006e+01, -5.99261335e+00,  1.99691771e+00],
       [ 2.09266580e+01,  1.31125907e+01,  1.99691771e+00],
       [ 3.62711083e+01,  2.45752372e+01,  1.99691771e+00],
       [ 5.42072346e+01,  1.78566218e+01,  1.99691771e+00],
       [ 5.82446451e+01, -8.66191420e-01,  1.99691771e+00],
       [ 3.90900000e+01, -1.51798613e+01,  1.89729661e+00],
       [ 2.22775264e+01, -5.99516515e+00,  1.89729661e+00],
       [ 2.09223635e+01,  1.31145561e+01,  1.89729661e+00],
       [ 3.62704418e+01,  2.45799128e+01,  1.89729661e+00],
       [ 5.42108089e+01,  1.78597089e+01,  1.89729661e+00],
       [ 5.82491740e+01, -8.67531130e-01,  1.89729661e+00],
       [ 3.90900000e+01, -1.51840874e+01,  1.79765319e+00],
       [ 2.22739703e+01, -5.99744851e+00,  1.79765319e+00],
       [ 2.09185207e+01,  1.31163148e+01,  1.79765319e+00],
       [ 3.62698454e+01,  2.45840966e+01,  1.79765319e+00],
       [ 5.42140072e+01,  1.78624713e+01,  1.79765319e+00],
       [ 5.82532265e+01, -8.68729908e-01,  1.79765319e+00],
       [ 3.90900000e+01, -1.51878165e+01,  1.69798993e+00],
       [ 2.22708323e+01, -5.99946337e+00,  1.69798993e+00],
       [ 2.09151299e+01,  1.31178666e+01,  1.69798993e+00],
       [ 3.62693192e+01,  2.45877884e+01,  1.69798993e+00],
       [ 5.42168294e+01,  1.78649088e+01,  1.69798993e+00],
       [ 5.82568025e+01, -8.69787722e-01,  1.69798993e+00],
       [ 3.90900000e+01, -1.51910486e+01,  1.59830932e+00],
       [ 2.22681126e+01, -6.00120968e+00,  1.59830932e+00],
       [ 2.09121909e+01,  1.31192117e+01,  1.59830932e+00],
       [ 3.62688631e+01,  2.45909882e+01,  1.59830932e+00],
       [ 5.42192755e+01,  1.78670214e+01,  1.59830932e+00],
       [ 5.82599018e+01, -8.70704549e-01,  1.59830932e+00],
       [ 3.90900000e+01, -1.51937836e+01,  1.49861383e+00],
       [ 2.22658112e+01, -6.00268740e+00,  1.49861383e+00],
       [ 2.09097040e+01,  1.31203498e+01,  1.49861383e+00],
       [ 3.62684771e+01,  2.45936958e+01,  1.49861383e+00],
       [ 5.42213453e+01,  1.78688091e+01,  1.49861383e+00],
       [ 5.82625245e+01, -8.71480363e-01,  1.49861383e+00],
       [ 3.90900000e+01, -1.51960215e+01,  1.39890595e+00],
       [ 2.22639281e+01, -6.00389650e+00,  1.39890595e+00],
       [ 2.09076691e+01,  1.31212811e+01,  1.39890595e+00],
       [ 3.62681613e+01,  2.45959112e+01,  1.39890595e+00],
       [ 5.42230389e+01,  1.78702719e+01,  1.39890595e+00],
       [ 5.82646704e+01, -8.72115147e-01,  1.39890595e+00],
       [ 3.90900000e+01, -1.51977620e+01,  1.29918814e+00],
       [ 2.22624635e+01, -6.00483694e+00,  1.29918814e+00],
       [ 2.09060864e+01,  1.31220054e+01,  1.29918814e+00],
       [ 3.62679157e+01,  2.45976344e+01,  1.29918814e+00],
       [ 5.42243562e+01,  1.78714096e+01,  1.29918814e+00],
       [ 5.82663395e+01, -8.72608884e-01,  1.29918814e+00],
       [ 3.90900000e+01, -1.51990053e+01,  1.19946289e+00],
       [ 2.22614173e+01, -6.00550870e+00,  1.19946289e+00],
       [ 2.09049559e+01,  1.31225228e+01,  1.19946289e+00],
       [ 3.62677402e+01,  2.45988652e+01,  1.19946289e+00],
       [ 5.42252971e+01,  1.78722223e+01,  1.19946289e+00],
       [ 5.82675317e+01, -8.72961562e-01,  1.19946289e+00],
       [ 3.90900000e+01, -1.51997513e+01,  1.09973269e+00],
       [ 2.22607895e+01, -6.00591176e+00,  1.09973269e+00],
       [ 2.09042776e+01,  1.31228332e+01,  1.09973269e+00],
       [ 3.62676349e+01,  2.45996038e+01,  1.09973269e+00],
       [ 5.42258617e+01,  1.78727099e+01,  1.09973269e+00],
       [ 5.82682470e+01, -8.73173172e-01,  1.09973269e+00],
       [ 3.90900000e+01, -1.52000000e+01,  1.00000000e+00],
       [ 2.22605803e+01, -6.00604612e+00,  1.00000000e+00],
       [ 2.09040515e+01,  1.31229367e+01,  1.00000000e+00],
       [ 3.62675998e+01,  2.45998499e+01,  1.00000000e+00],
       [ 5.42260499e+01,  1.78728724e+01,  1.00000000e+00],
       [ 5.82684855e+01, -8.73243709e-01,  1.00000000e+00],
       [ 3.90900000e+01, -1.51997513e+01,  9.00267313e-01],
       [ 2.22607895e+01, -6.00591176e+00,  9.00267313e-01],
       [ 2.09042776e+01,  1.31228332e+01,  9.00267313e-01],
       [ 3.62676349e+01,  2.45996038e+01,  9.00267313e-01],
       [ 5.42258617e+01,  1.78727099e+01,  9.00267313e-01],
       [ 5.82682470e+01, -8.73173172e-01,  9.00267313e-01],
       [ 3.90900000e+01, -1.51990053e+01,  8.00537106e-01],
       [ 2.22614173e+01, -6.00550870e+00,  8.00537106e-01],
       [ 2.09049559e+01,  1.31225228e+01,  8.00537106e-01],
       [ 3.62677402e+01,  2.45988652e+01,  8.00537106e-01],
       [ 5.42252971e+01,  1.78722223e+01,  8.00537106e-01],
       [ 5.82675317e+01, -8.72961562e-01,  8.00537106e-01],
       [ 3.90900000e+01, -1.51977620e+01,  7.00811860e-01],
       [ 2.22624635e+01, -6.00483694e+00,  7.00811860e-01],
       [ 2.09060864e+01,  1.31220054e+01,  7.00811860e-01],
       [ 3.62679157e+01,  2.45976344e+01,  7.00811860e-01],
       [ 5.42243562e+01,  1.78714096e+01,  7.00811860e-01],
       [ 5.82663395e+01, -8.72608884e-01,  7.00811860e-01],
       [ 3.90900000e+01, -1.51960215e+01,  6.01094053e-01],
       [ 2.22639281e+01, -6.00389650e+00,  6.01094053e-01],
       [ 2.09076691e+01,  1.31212811e+01,  6.01094053e-01],
       [ 3.62681613e+01,  2.45959112e+01,  6.01094053e-01],
       [ 5.42230389e+01,  1.78702719e+01,  6.01094053e-01],
       [ 5.82646704e+01, -8.72115147e-01,  6.01094053e-01],
       [ 3.90900000e+01, -1.51937836e+01,  5.01386165e-01],
       [ 2.22658112e+01, -6.00268740e+00,  5.01386165e-01],
       [ 2.09097040e+01,  1.31203498e+01,  5.01386165e-01],
       [ 3.62684771e+01,  2.45936958e+01,  5.01386165e-01],
       [ 5.42213453e+01,  1.78688091e+01,  5.01386165e-01],
       [ 5.82625245e+01, -8.71480363e-01,  5.01386165e-01],
       [ 3.90900000e+01, -1.51910486e+01,  4.01690677e-01],
       [ 2.22681126e+01, -6.00120968e+00,  4.01690677e-01],
       [ 2.09121909e+01,  1.31192117e+01,  4.01690677e-01],
       [ 3.62688631e+01,  2.45909882e+01,  4.01690677e-01],
       [ 5.42192755e+01,  1.78670214e+01,  4.01690677e-01],
       [ 5.82599018e+01, -8.70704549e-01,  4.01690677e-01],
       [ 3.90900000e+01, -1.51878165e+01,  3.02010066e-01],
       [ 2.22708323e+01, -5.99946337e+00,  3.02010066e-01],
       [ 2.09151299e+01,  1.31178666e+01,  3.02010066e-01],
       [ 3.62693192e+01,  2.45877884e+01,  3.02010066e-01],
       [ 5.42168294e+01,  1.78649088e+01,  3.02010066e-01],
       [ 5.82568025e+01, -8.69787722e-01,  3.02010066e-01],
       [ 3.90900000e+01, -1.51840874e+01,  2.02346812e-01],
       [ 2.22739703e+01, -5.99744851e+00,  2.02346812e-01],
       [ 2.09185207e+01,  1.31163148e+01,  2.02346812e-01],
       [ 3.62698454e+01,  2.45840966e+01,  2.02346812e-01],
       [ 5.42140072e+01,  1.78624713e+01,  2.02346812e-01],
       [ 5.82532265e+01, -8.68729908e-01,  2.02346812e-01],
       [ 3.90900000e+01, -1.51798613e+01,  1.02703393e-01],
       [ 2.22775264e+01, -5.99516515e+00,  1.02703393e-01],
       [ 2.09223635e+01,  1.31145561e+01,  1.02703393e-01],
       [ 3.62704418e+01,  2.45799128e+01,  1.02703393e-01],
       [ 5.42108089e+01,  1.78597089e+01,  1.02703393e-01],
       [ 5.82491740e+01, -8.67531130e-01,  1.02703393e-01],
       [ 3.90900000e+01, -1.51751384e+01,  3.08228679e-03],
       [ 2.22815006e+01, -5.99261335e+00,  3.08228679e-03],
       [ 2.09266580e+01,  1.31125907e+01,  3.08228679e-03],
       [ 3.62711083e+01,  2.45752372e+01,  3.08228679e-03],
       [ 5.42072346e+01,  1.78566218e+01,  3.08228679e-03],
       [ 5.82446451e+01, -8.66191420e-01,  3.08228679e-03],
       [ 3.90900000e+01, -1.51699188e+01, -9.65140294e-02],
       [ 2.22858928e+01, -5.98979318e+00, -9.65140294e-02],
       [ 2.09314042e+01,  1.31104185e+01, -9.65140294e-02],
       [ 3.62718449e+01,  2.45700698e+01, -9.65140294e-02],
       [ 5.42032844e+01,  1.78532100e+01, -9.65140294e-02],
       [ 5.82396399e+01, -8.64710811e-01, -9.65140294e-02],
       [ 3.90900000e+01, -1.51642026e+01, -1.96083079e-01],
       [ 2.22907028e+01, -5.98670470e+00, -1.96083079e-01],
       [ 2.09366020e+01,  1.31080398e+01, -1.96083079e-01],
       [ 3.62726516e+01,  2.45644108e+01, -1.96083079e-01],
       [ 5.41989583e+01,  1.78494737e+01, -1.96083079e-01],
       [ 5.82341585e+01, -8.63089339e-01, -1.96083079e-01],
       [ 3.90900000e+01, -1.51579899e+01, -2.95622386e-01],
       [ 2.22959305e+01, -5.98334799e+00, -2.95622386e-01],
       [ 2.09422511e+01,  1.31054544e+01, -2.95622386e-01],
       [ 3.62735283e+01,  2.45582603e+01, -2.95622386e-01],
       [ 5.41942566e+01,  1.78454128e+01, -2.95622386e-01],
       [ 5.82282010e+01, -8.61327045e-01, -2.95622386e-01],
       [ 3.90900000e+01, -1.51512810e+01, -3.95129475e-01],
       [ 2.23015759e+01, -5.97972313e+00, -3.95129475e-01],
       [ 2.09483515e+01,  1.31026625e+01, -3.95129475e-01],
       [ 3.62744751e+01,  2.45516185e+01, -3.95129475e-01],
       [ 5.41891792e+01,  1.78410276e+01, -3.95129475e-01],
       [ 5.82217677e+01, -8.59423973e-01, -3.95129475e-01],
       [ 3.90900000e+01, -1.51440759e+01, -4.94601872e-01],
       [ 2.23076388e+01, -5.97583022e+00, -4.94601872e-01],
       [ 2.09549031e+01,  1.30996641e+01, -4.94601872e-01],
       [ 3.62754918e+01,  2.45444855e+01, -4.94601872e-01],
       [ 5.41837264e+01,  1.78363180e+01, -4.94601872e-01],
       [ 5.82148586e+01, -8.57380169e-01, -4.94601872e-01],
       [ 3.90900000e+01, -1.51363749e+01, -5.94037103e-01],
       [ 2.23141189e+01, -5.97166935e+00, -5.94037103e-01],
       [ 2.09619056e+01,  1.30964594e+01, -5.94037103e-01],
       [ 3.62765786e+01,  2.45368616e+01, -5.94037103e-01],
       [ 5.41778983e+01,  1.78312843e+01, -5.94037103e-01],
       [ 5.82074739e+01, -8.55195685e-01, -5.94037103e-01],
       [ 3.90900000e+01, -1.51281782e+01, -6.93432695e-01],
       [ 2.23210163e+01, -5.96724062e+00, -6.93432695e-01],
       [ 2.09693589e+01,  1.30930483e+01, -6.93432695e-01],
       [ 3.62777353e+01,  2.45287469e+01, -6.93432695e-01],
       [ 5.41716950e+01,  1.78259265e+01, -6.93432695e-01],
       [ 5.81996138e+01, -8.52870576e-01, -6.93432695e-01],
       [ 3.90900000e+01, -1.51194859e+01, -7.92786178e-01],
       [ 2.23283306e+01, -5.96254415e+00, -7.92786178e-01],
       [ 2.09772627e+01,  1.30894310e+01, -7.92786178e-01],
       [ 3.62789620e+01,  2.45201416e+01, -7.92786178e-01],
       [ 5.41651166e+01,  1.78202449e+01, -7.92786178e-01],
       [ 5.81912785e+01, -8.50404898e-01, -7.92786178e-01],
       [ 3.90900000e+01, -1.51102982e+01, -8.92095080e-01],
       [ 2.23360617e+01, -5.95758005e+00, -8.92095080e-01],
       [ 2.09856170e+01,  1.30856076e+01, -8.92095080e-01],
       [ 3.62802586e+01,  2.45110459e+01, -8.92095080e-01],
       [ 5.41581634e+01,  1.78142394e+01, -8.92095080e-01],
       [ 5.81824683e+01, -8.47798713e-01, -8.92095080e-01],
       [ 3.90900000e+01, -1.51006155e+01, -9.91356932e-01],
       [ 2.23442095e+01, -5.95234845e+00, -9.91356932e-01],
       [ 2.09944215e+01,  1.30815782e+01, -9.91356932e-01],
       [ 3.62816250e+01,  2.45014600e+01, -9.91356932e-01],
       [ 5.41508355e+01,  1.78079104e+01, -9.91356932e-01],
       [ 5.81731833e+01, -8.45052087e-01, -9.91356932e-01],
       [ 3.90900000e+01, -1.50904379e+01, -1.09056927e+00],
       [ 2.23527736e+01, -5.94684947e+00, -1.09056927e+00],
       [ 2.10036760e+01,  1.30773428e+01, -1.09056927e+00],
       [ 3.62830612e+01,  2.44913843e+01, -1.09056927e+00],
       [ 5.41431330e+01,  1.78012579e+01, -1.09056927e+00],
       [ 5.81634237e+01, -8.42165087e-01, -1.09056927e+00],
       [ 3.90900000e+01, -1.50797657e+01, -1.18972961e+00],
       [ 2.23617540e+01, -5.94108325e+00, -1.18972961e+00],
       [ 2.10133802e+01,  1.30729016e+01, -1.18972961e+00],
       [ 3.62845673e+01,  2.44808189e+01, -1.18972961e+00],
       [ 5.41350563e+01,  1.77942820e+01, -1.18972961e+00],
       [ 5.81531899e+01, -8.39137784e-01, -1.18972961e+00],
       [ 3.90900000e+01, -1.50685991e+01, -1.28883551e+00],
       [ 2.23711503e+01, -5.93504993e+00, -1.28883551e+00],
       [ 2.10235339e+01,  1.30682547e+01, -1.28883551e+00],
       [ 3.62861431e+01,  2.44697641e+01, -1.28883551e+00],
       [ 5.41266054e+01,  1.77869831e+01, -1.28883551e+00],
       [ 5.81424820e+01, -8.35970256e-01, -1.28883551e+00],
       [ 3.90900000e+01, -1.50569385e+01, -1.38788449e+00],
       [ 2.23809624e+01, -5.92874967e+00, -1.38788449e+00],
       [ 2.10341369e+01,  1.30634022e+01, -1.38788449e+00],
       [ 3.62877887e+01,  2.44582201e+01, -1.38788449e+00],
       [ 5.41177806e+01,  1.77793612e+01, -1.38788449e+00],
       [ 5.81313004e+01, -8.32662579e-01, -1.38788449e+00],
       [ 3.90900000e+01, -1.50447841e+01, -1.48687409e+00],
       [ 2.23911900e+01, -5.92218263e+00, -1.48687409e+00],
       [ 2.10451889e+01,  1.30583441e+01, -1.48687409e+00],
       [ 3.62895039e+01,  2.44461874e+01, -1.48687409e+00],
       [ 5.41085821e+01,  1.77714166e+01, -1.48687409e+00],
       [ 5.81196452e+01, -8.29214837e-01, -1.48687409e+00],
       [ 3.90900000e+01, -1.50321363e+01, -1.58580185e+00],
       [ 2.24018328e+01, -5.91534895e+00, -1.58580185e+00],
       [ 2.10566895e+01,  1.30530808e+01, -1.58580185e+00],
       [ 3.62912888e+01,  2.44336661e+01, -1.58580185e+00],
       [ 5.40990102e+01,  1.77631494e+01, -1.58580185e+00],
       [ 5.81075169e+01, -8.25627115e-01, -1.58580185e+00],
       [ 3.90900000e+01, -1.50189952e+01, -1.68466532e+00],
       [ 2.24128906e+01, -5.90824883e+00, -1.68466532e+00],
       [ 2.10686386e+01,  1.30476122e+01, -1.68466532e+00],
       [ 3.62931432e+01,  2.44206566e+01, -1.68466532e+00],
       [ 5.40890650e+01,  1.77545598e+01, -1.68466532e+00],
       [ 5.80949156e+01, -8.21899502e-01, -1.68466532e+00],
       [ 3.90900000e+01, -1.50053614e+01, -1.78346202e+00],
       [ 2.24243631e+01, -5.90088242e+00, -1.78346202e+00],
       [ 2.10810359e+01,  1.30419385e+01, -1.78346202e+00],
       [ 3.62950672e+01,  2.44071592e+01, -1.78346202e+00],
       [ 5.40787469e+01,  1.77456481e+01, -1.78346202e+00],
       [ 5.80818418e+01, -8.18032091e-01, -1.78346202e+00],
       [ 3.90900000e+01, -1.49912350e+01, -1.88218951e+00],
       [ 2.24362500e+01, -5.89324992e+00, -1.88218951e+00],
       [ 2.10938809e+01,  1.30360598e+01, -1.88218951e+00],
       [ 3.62970608e+01,  2.43931742e+01, -1.88218951e+00],
       [ 5.40680560e+01,  1.77364145e+01, -1.88218951e+00],
       [ 5.80682957e+01, -8.14024979e-01, -1.88218951e+00],
       [ 3.90900000e+01, -1.49766165e+01, -1.98084532e+00],
       [ 2.24485510e+01, -5.88535151e+00, -1.98084532e+00],
       [ 2.11071735e+01,  1.30299764e+01, -1.98084532e+00],
       [ 3.62991237e+01,  2.43787020e+01, -1.98084532e+00],
       [ 5.40569927e+01,  1.77268592e+01, -1.98084532e+00],
       [ 5.80542777e+01, -8.09878264e-01, -1.98084532e+00],
       [ 3.90900000e+01, -1.49615062e+01, -2.07942702e+00],
       [ 2.24612659e+01, -5.87718739e+00, -2.07942702e+00],
       [ 2.11209132e+01,  1.30236883e+01, -2.07942702e+00],
       [ 3.63012561e+01,  2.43637429e+01, -2.07942702e+00],
       [ 5.40455572e+01,  1.77169825e+01, -2.07942702e+00],
       [ 5.80397880e+01, -8.05592051e-01, -2.07942702e+00],
       [ 3.90900000e+01, -1.49459046e+01, -2.17793213e+00],
       [ 2.24743942e+01, -5.86875777e+00, -2.17793213e+00],
       [ 2.11350998e+01,  1.30171957e+01, -2.17793213e+00],
       [ 3.63034578e+01,  2.43482974e+01, -2.17793213e+00],
       [ 5.40337499e+01,  1.77067846e+01, -2.17793213e+00],
       [ 5.80248272e+01, -8.01166445e-01, -2.17793213e+00],
       [ 3.90900000e+01, -1.49298119e+01, -2.27635823e+00],
       [ 2.24879358e+01, -5.86006285e+00, -2.27635823e+00],
       [ 2.11497328e+01,  1.30104988e+01, -2.27635823e+00],
       [ 3.63057288e+01,  2.43323657e+01, -2.27635823e+00],
       [ 5.40215709e+01,  1.76962657e+01, -2.27635823e+00],
       [ 5.80093955e+01, -7.96601556e-01, -2.27635823e+00],
       [ 3.90900000e+01, -1.49132286e+01, -2.37470285e+00],
       [ 2.25018901e+01, -5.85110285e+00, -2.37470285e+00],
       [ 2.11648120e+01,  1.30035977e+01, -2.37470285e+00],
       [ 3.63080690e+01,  2.43159484e+01, -2.37470285e+00],
       [ 5.40090206e+01,  1.76854261e+01, -2.37470285e+00],
       [ 5.79934934e+01, -7.91897499e-01, -2.37470285e+00],
       [ 3.90900000e+01, -1.48961551e+01, -2.47296355e+00],
       [ 2.25162570e+01, -5.84187800e+00, -2.47296355e+00],
       [ 2.11803369e+01,  1.29964926e+01, -2.47296355e+00],
       [ 3.63104784e+01,  2.42990457e+01, -2.47296355e+00],
       [ 5.39960993e+01,  1.76742661e+01, -2.47296355e+00],
       [ 5.79771212e+01, -7.87054390e-01, -2.47296355e+00]])}
