RLidar: {'hit': array([0, 0, 0, 0, 0, 0, 0, 0, 0, 0, 0, 0, 0, 0, 0, 0, 0, 0, 0, 0, 0, 0,
       0, 0, 0, 0, 0, 0, 0, 0, 0, 0, 0, 0, 0, 0, 0, 0, 0, 0, 0, 0, 0, 0,
       0, 0, 0, 0, 0, 0, 0, 0, 0, 0, 0, 0, 0, 0, 0, 0, 0, 0, 0, 0, 0, 0,
       0, 0, 0, 0, 0, 0, 0, 0, 0, 0, 0, 0, 0, 0, 0, 0, 0, 0, 0, 0, 0, 0,
       0, 0, 0, 0, 0, 0, 0, 0, 0, 0, 0, 0, 0, 0, 0, 0, 0, 0, 0, 0, 0, 0,
       0, 0, 0, 0, 0, 0, 0, 0, 0, 0, 0, 0, 0, 0, 0, 0, 0, 0, 0, 0, 0, 0,
       0, 0, 0, 0, 0, 0, 0, 0, 0, 0, 0, 0, 0, 0, 0, 0, 0, 0, 1, 1, 1, 0,
       1, 1, 1, 1, 1, 1, 1, 0, 1, 1, 1, 0, 1, 1, 1, 1, 1, 1, 0, 1, 1, 1,
       1, 0, 1, 1, 1, 1, 1, 1, 0, 1, 1, 1, 1, 1, 1, 0, 1, 1, 1, 1, 0, 1,
       1, 1, 1, 0, 0, 1, 1, 1, 1, 1, 1, 0, 1, 1, 1, 0, 1, 0, 1, 1, 1, 1,
       0, 1, 1, 1, 1, 0, 0, 1, 1, 1, 1, 1, 1, 0, 1, 1, 1, 0, 1, 1, 1, 1,
       1, 1, 1, 1, 1, 1, 1, 1, 0, 0, 1, 1, 1, 1, 0, 0, 1, 1, 1, 1, 1, 1,
       1, 1, 1, 0, 0, 1, 1, 1, 1, 1, 0, 1, 1, 1, 1, 0, 1, 0, 1, 1, 1, 0,
       1, 1, 1, 1, 1, 0, 0, 1, 1, 1, 1, 1, 0, 0], dtype=int8), 'point_cloud': array([[ 0.00000000e+00,  0.00000000e+00,  0.00000000e+00],
       [ 0.00000000e+00,  0.00000000e+00,  0.00000000e+00],
       [ 0.00000000e+00,  0.00000000e+00,  0.00000000e+00],
       [ 0.00000000e+00,  0.00000000e+00,  0.00000000e+00],
       [ 0.00000000e+00,  0.00000000e+00,  0.00000000e+00],
       [ 0.00000000e+00,  0.00000000e+00,  0.00000000e+00],
       [ 0.00000000e+00,  0.00000000e+00,  0.00000000e+00],
       [ 0.00000000e+00,  0.00000000e+00,  0.00000000e+00],
       [ 0.00000000e+00,  0.00000000e+00,  0.00000000e+00],
       [ 0.00000000e+00,  0.00000000e+00,  0.00000000e+00],
       [ 0.00000000e+00,  0.00000000e+00,  0.00000000e+00],
       [ 0.00000000e+00,  0.00000000e+00,  0.00000000e+00],
       [ 0.00000000e+00,  0.00000000e+00,  0.00000000e+00],
       [ 0.00000000e+00,  0.00000000e+00,  0.00000000e+00],
       [ 0.00000000e+00,  0.00000000e+00,  0.00000000e+00],
       [ 0.00000000e+00,  0.00000000e+00,  0.00000000e+00],
       [ 0.00000000e+00,  0.00000000e+00,  0.00000000e+00],
       [ 0.00000000e+00,  0.00000000e+00,  0.00000000e+00],
       [ 0.00000000e+00,  0.00000000e+00,  0.00000000e+00],
       [ 0.00000000e+00,  0.00000000e+00,  0.00000000e+00],
       [ 0.00000000e+00,  0.00000000e+00,  0.00000000e+00],
       [ 0.00000000e+00,  0.00000000e+00,  0.00000000e+00],
       [ 0.00000000e+00,  0.00000000e+00,  0.00000000e+00],
       [ 0.00000000e+00,  0.00000000e+00,  0.00000000e+00],
       [ 0.00000000e+00,  0.00000000e+00,  0.00000000e+00],
       [ 0.00000000e+00,  0.00000000e+00,  0.00000000e+00],
       [ 0.00000000e+00,  0.00000000e+00,  0.00000000e+00],
       [ 0.00000000e+00,  0.00000000e+00,  0.00000000e+00],
       [ 0.00000000e+00,  0.00000000e+00,  0.00000000e+00],
       [ 0.00000000e+00,  0.00000000e+00,  0.00000000e+00],
       [ 0.00000000e+00,  0.00000000e+00,  0.00000000e+00],
       [ 0.00000000e+00,  0.00000000e+00,  0.00000000e+00],
       [ 0.00000000e+00,  0.00000000e+00,  0.00000000e+00],
       [ 0.00000000e+00,  0.00000000e+00,  0.00000000e+00],
       [ 0.00000000e+00,  0.00000000e+00,  0.00000000e+00],
       [ 0.00000000e+00,  0.00000000e+00,  0.00000000e+00],
       [ 0.00000000e+00,  0.00000000e+00,  0.00000000e+00],
       [ 0.00000000e+00,  0.00000000e+00,  0.00000000e+00],
       [ 0.00000000e+00,  0.00000000e+00,  0.00000000e+00],
       [ 0.00000000e+00,  0.00000000e+00,  0.00000000e+00],
       [ 0.00000000e+00,  0.00000000e+00,  0.00000000e+00],
       [ 0.00000000e+00,  0.00000000e+00,  0.00000000e+00],
       [ 0.00000000e+00,  0.00000000e+00,  0.00000000e+00],
       [ 0.00000000e+00,  0.00000000e+00,  0.00000000e+00],
       [ 0.00000000e+00,  0.00000000e+00,  0.00000000e+00],
       [ 0.00000000e+00,  0.00000000e+00,  0.00000000e+00],
       [ 0.00000000e+00,  0.00000000e+00,  0.00000000e+00],
       [ 0.00000000e+00,  0.00000000e+00,  0.00000000e+00],
       [ 0.00000000e+00,  0.00000000e+00,  0.00000000e+00],
       [ 0.00000000e+00,  0.00000000e+00,  0.00000000e+00],
       [ 0.00000000e+00,  0.00000000e+00,  0.00000000e+00],
       [ 0.00000000e+00,  0.00000000e+00,  0.00000000e+00],
       [ 0.00000000e+00,  0.00000000e+00,  0.00000000e+00],
       [ 0.00000000e+00,  0.00000000e+00,  0.00000000e+00],
       [ 0.00000000e+00,  0.00000000e+00,  0.00000000e+00],
       [ 0.00000000e+00,  0.00000000e+00,  0.00000000e+00],
       [ 0.00000000e+00,  0.00000000e+00,  0.00000000e+00],
       [ 0.00000000e+00,  0.00000000e+00,  0.00000000e+00],
       [ 0.00000000e+00,  0.00000000e+00,  0.00000000e+00],
       [ 0.00000000e+00,  0.00000000e+00,  0.00000000e+00],
       [ 0.00000000e+00,  0.00000000e+00,  0.00000000e+00],
       [ 0.00000000e+00,  0.00000000e+00,  0.00000000e+00],
       [ 0.00000000e+00,  0.00000000e+00,  0.00000000e+00],
       [ 0.00000000e+00,  0.00000000e+00,  0.00000000e+00],
       [ 0.00000000e+00,  0.00000000e+00,  0.00000000e+00],
       [ 0.00000000e+00,  0.00000000e+00,  0.00000000e+00],
       [ 0.00000000e+00,  0.00000000e+00,  0.00000000e+00],
       [ 0.00000000e+00,  0.00000000e+00,  0.00000000e+00],
       [ 0.00000000e+00,  0.00000000e+00,  0.00000000e+00],
       [ 0.00000000e+00,  0.00000000e+00,  0.00000000e+00],
       [ 0.00000000e+00,  0.00000000e+00,  0.00000000e+00],
       [ 0.00000000e+00,  0.00000000e+00,  0.00000000e+00],
       [ 0.00000000e+00,  0.00000000e+00,  0.00000000e+00],
       [ 0.00000000e+00,  0.00000000e+00,  0.00000000e+00],
       [ 0.00000000e+00,  0.00000000e+00,  0.00000000e+00],
       [ 0.00000000e+00,  0.00000000e+00,  0.00000000e+00],
       [ 0.00000000e+00,  0.00000000e+00,  0.00000000e+00],
       [ 0.00000000e+00,  0.00000000e+00,  0.00000000e+00],
       [ 0.00000000e+00,  0.00000000e+00,  0.00000000e+00],
       [ 0.00000000e+00,  0.00000000e+00,  0.00000000e+00],
       [ 0.00000000e+00,  0.00000000e+00,  0.00000000e+00],
       [ 0.00000000e+00,  0.00000000e+00,  0.00000000e+00],
       [ 0.00000000e+00,  0.00000000e+00,  0.00000000e+00],
       [ 0.00000000e+00,  0.00000000e+00,  0.00000000e+00],
       [ 0.00000000e+00,  0.00000000e+00,  0.00000000e+00],
       [ 0.00000000e+00,  0.00000000e+00,  0.00000000e+00],
       [ 0.00000000e+00,  0.00000000e+00,  0.00000000e+00],
       [ 0.00000000e+00,  0.00000000e+00,  0.00000000e+00],
       [ 0.00000000e+00,  0.00000000e+00,  0.00000000e+00],
       [ 0.00000000e+00,  0.00000000e+00,  0.00000000e+00],
       [ 0.00000000e+00,  0.00000000e+00,  0.00000000e+00],
       [ 0.00000000e+00,  0.00000000e+00,  0.00000000e+00],
       [ 0.00000000e+00,  0.00000000e+00,  0.00000000e+00],
       [ 0.00000000e+00,  0.00000000e+00,  0.00000000e+00],
       [ 0.00000000e+00,  0.00000000e+00,  0.00000000e+00],
       [ 0.00000000e+00,  0.00000000e+00,  0.00000000e+00],
       [ 0.00000000e+00,  0.00000000e+00,  0.00000000e+00],
       [ 0.00000000e+00,  0.00000000e+00,  0.00000000e+00],
       [ 0.00000000e+00,  0.00000000e+00,  0.00000000e+00],
       [ 0.00000000e+00,  0.00000000e+00,  0.00000000e+00],
       [ 0.00000000e+00,  0.00000000e+00,  0.00000000e+00],
       [ 0.00000000e+00,  0.00000000e+00,  0.00000000e+00],
       [ 0.00000000e+00,  0.00000000e+00,  0.00000000e+00],
       [ 0.00000000e+00,  0.00000000e+00,  0.00000000e+00],
       [ 0.00000000e+00,  0.00000000e+00,  0.00000000e+00],
       [ 0.00000000e+00,  0.00000000e+00,  0.00000000e+00],
       [ 0.00000000e+00,  0.00000000e+00,  0.00000000e+00],
       [ 0.00000000e+00,  0.00000000e+00,  0.00000000e+00],
       [ 0.00000000e+00,  0.00000000e+00,  0.00000000e+00],
       [ 0.00000000e+00,  0.00000000e+00,  0.00000000e+00],
       [ 0.00000000e+00,  0.00000000e+00,  0.00000000e+00],
       [ 0.00000000e+00,  0.00000000e+00,  0.00000000e+00],
       [ 0.00000000e+00,  0.00000000e+00,  0.00000000e+00],
       [ 0.00000000e+00,  0.00000000e+00,  0.00000000e+00],
       [ 0.00000000e+00,  0.00000000e+00,  0.00000000e+00],
       [ 0.00000000e+00,  0.00000000e+00,  0.00000000e+00],
       [ 0.00000000e+00,  0.00000000e+00,  0.00000000e+00],
       [ 0.00000000e+00,  0.00000000e+00,  0.00000000e+00],
       [ 0.00000000e+00,  0.00000000e+00,  0.00000000e+00],
       [ 0.00000000e+00,  0.00000000e+00,  0.00000000e+00],
       [ 0.00000000e+00,  0.00000000e+00,  0.00000000e+00],
       [ 0.00000000e+00,  0.00000000e+00,  0.00000000e+00],
       [ 0.00000000e+00,  0.00000000e+00,  0.00000000e+00],
       [ 0.00000000e+00,  0.00000000e+00,  0.00000000e+00],
       [ 0.00000000e+00,  0.00000000e+00,  0.00000000e+00],
       [ 0.00000000e+00,  0.00000000e+00,  0.00000000e+00],
       [ 0.00000000e+00,  0.00000000e+00,  0.00000000e+00],
       [ 0.00000000e+00,  0.00000000e+00,  0.00000000e+00],
       [ 0.00000000e+00,  0.00000000e+00,  0.00000000e+00],
       [ 0.00000000e+00,  0.00000000e+00,  0.00000000e+00],
       [ 0.00000000e+00,  0.00000000e+00,  0.00000000e+00],
       [ 0.00000000e+00,  0.00000000e+00,  0.00000000e+00],
       [ 0.00000000e+00,  0.00000000e+00,  0.00000000e+00],
       [ 0.00000000e+00,  0.00000000e+00,  0.00000000e+00],
       [ 0.00000000e+00,  0.00000000e+00,  0.00000000e+00],
       [ 0.00000000e+00,  0.00000000e+00,  0.00000000e+00],
       [ 0.00000000e+00,  0.00000000e+00,  0.00000000e+00],
       [ 0.00000000e+00,  0.00000000e+00,  0.00000000e+00],
       [ 0.00000000e+00,  0.00000000e+00,  0.00000000e+00],
       [ 0.00000000e+00,  0.00000000e+00,  0.00000000e+00],
       [ 0.00000000e+00,  0.00000000e+00,  0.00000000e+00],
       [ 0.00000000e+00,  0.00000000e+00,  0.00000000e+00],
       [ 0.00000000e+00,  0.00000000e+00,  0.00000000e+00],
       [ 0.00000000e+00,  0.00000000e+00,  0.00000000e+00],
       [ 0.00000000e+00,  0.00000000e+00,  0.00000000e+00],
       [ 0.00000000e+00,  0.00000000e+00,  0.00000000e+00],
       [ 0.00000000e+00,  0.00000000e+00,  0.00000000e+00],
       [ 0.00000000e+00,  0.00000000e+00,  0.00000000e+00],
       [ 0.00000000e+00,  0.00000000e+00,  0.00000000e+00],
       [ 0.00000000e+00,  0.00000000e+00,  0.00000000e+00],
       [ 1.60000000e+00, -5.28021872e+01, -1.29035671e-13],
       [-1.37250271e+01, -4.44300868e+01, -4.02913813e-13],
       [-1.49602950e+01, -2.70110559e+01, -3.06130121e-13],
       [ 0.00000000e+00,  0.00000000e+00,  0.00000000e+00],
       [ 1.53830287e+01, -2.26857200e+01,  3.84248189e-13],
       [ 1.90641084e+01, -3.97561088e+01,  3.43100548e-13],
       [ 1.60000000e+00, -5.12813176e+01, -1.18349774e-13],
       [-1.24452595e+01, -4.36083574e+01, -3.69315689e-13],
       [-1.35773722e+01, -2.76439610e+01, -2.80636625e-13],
       [-7.55478880e-01, -1.80657208e+01,  6.62248034e-14],
       [ 1.42320308e+01, -2.36798267e+01,  3.52107232e-13],
       [ 0.00000000e+00,  0.00000000e+00,  0.00000000e+00],
       [ 1.60000000e+00, -4.99941719e+01, -1.09245946e-13],
       [-1.13621637e+01, -4.29129096e+01, -3.40810713e-13],
       [-1.24069739e+01, -2.81796026e+01, -2.58820743e-13],
       [ 0.00000000e+00,  0.00000000e+00,  0.00000000e+00],
       [ 1.32579157e+01, -2.45211613e+01,  3.25045546e-13],
       [ 1.63714344e+01, -3.89595811e+01,  2.90240054e-13],
       [ 1.60000000e+00, -4.88906663e+01, -1.01474384e-13],
       [-1.04335957e+01, -4.23166830e+01, -3.16302540e-13],
       [-1.14035590e+01, -2.86388230e+01, -2.40418796e-13],
       [-4.18110137e-01, -2.04324477e+01,  5.68434189e-14],
       [ 0.00000000e+00,  0.00000000e+00,  0.00000000e+00],
       [ 1.53132560e+01, -3.86465582e+01,  2.69340106e-13],
       [ 1.60000000e+00, -4.79340726e+01, -9.47020240e-14],
       [-9.62864995e+00, -4.17998332e+01, -2.95319325e-13],
       [-1.05337309e+01, -2.90369064e+01, -2.24154029e-13],
       [ 0.00000000e+00,  0.00000000e+00,  0.00000000e+00],
       [ 1.16988275e+01, -2.58677320e+01,  2.81497048e-13],
       [ 1.43959552e+01, -3.83752088e+01,  2.51410004e-13],
       [ 1.60000000e+00, -4.70968450e+01, -8.86513085e-14],
       [-8.92414716e+00, -4.13474772e+01, -2.76612067e-13],
       [-9.77244196e+00, -2.93853160e+01, -2.10165219e-13],
       [-1.64966065e-01, -2.22083173e+01,  4.97379915e-14],
       [ 0.00000000e+00,  0.00000000e+00,  0.00000000e+00],
       [ 1.35931173e+01, -3.81377190e+01,  2.35700348e-13],
       [ 1.60000000e+00, -4.63579186e+01, -8.33777491e-14],
       [-8.30236209e+00, -4.09482336e+01, -2.60291788e-13],
       [-9.10053814e+00, -2.96928179e+01, -1.97675210e-13],
       [-6.06887734e-02, -2.29398488e+01,  4.66848782e-14],
       [ 1.05059902e+01, -2.68979750e+01,  2.48412402e-13],
       [ 0.00000000e+00,  0.00000000e+00,  0.00000000e+00],
       [ 1.60000000e+00, -4.57009100e+01, -7.87148124e-14],
       [-7.74950838e+00, -4.05932503e+01, -2.45803378e-13],
       [-8.50312188e+00, -2.99662300e+01, -1.86684002e-13],
       [ 3.20282908e-02, -2.35902825e+01,  4.39648318e-14],
       [ 0.00000000e+00,  0.00000000e+00,  0.00000000e+00],
       [ 1.22545213e+01, -3.77417450e+01,  2.09388062e-13],
       [ 1.60000000e+00, -4.51128846e+01, -7.46069873e-14],
       [-7.25470210e+00, -4.02755388e+01, -2.32647235e-13],
       [-7.96843192e+00, -3.02109348e+01, -1.76803017e-13],
       [ 0.00000000e+00,  0.00000000e+00,  0.00000000e+00],
       [ 0.00000000e+00,  0.00000000e+00,  0.00000000e+00],
       [ 1.16906495e+01, -3.75749445e+01,  1.98396855e-13],
       [ 1.60000000e+00, -4.45834950e+01, -7.08877401e-14],
       [-6.80923606e+00, -3.99895084e+01, -2.20989893e-13],
       [-7.48705927e+00, -3.04312387e+01, -1.68032255e-13],
       [ 1.89717908e-01, -2.46965150e+01,  3.96904731e-14],
       [ 9.16310194e+00, -2.80578158e+01,  2.10831352e-13],
       [ 0.00000000e+00,  0.00000000e+00,  0.00000000e+00],
       [ 1.60000000e+00, -4.41043645e+01, -6.75015599e-14],
       [-6.40606163e+00, -3.97306331e+01, -2.10387263e-13],
       [-7.05138712e+00, -3.06306273e+01, -1.59872116e-13],
       [ 0.00000000e+00,  0.00000000e+00,  0.00000000e+00],
       [ 8.80049476e+00, -2.83709964e+01,  2.00839345e-13],
       [ 0.00000000e+00,  0.00000000e+00,  0.00000000e+00],
       [ 1.60000000e+00, -4.36686395e+01, -6.43929354e-14],
       [-6.03941170e+00, -3.94952098e+01, -2.00950367e-13],
       [-6.65518351e+00, -3.08119529e+01, -1.52655666e-13],
       [ 3.18822325e-01, -2.56022150e+01,  3.59712260e-14],
       [ 0.00000000e+00,  0.00000000e+00,  0.00000000e+00],
       [ 1.03057278e+01, -3.71652667e+01,  1.71085368e-13],
       [ 1.60000000e+00, -4.32706584e+01, -6.15063556e-14],
       [-5.70452215e+00, -3.92801797e+01, -1.91957561e-13],
       [-6.29330033e+00, -3.09775715e+01, -1.45772283e-13],
       [ 0.00000000e+00,  0.00000000e+00,  0.00000000e+00],
       [ 0.00000000e+00,  0.00000000e+00,  0.00000000e+00],
       [ 9.92409404e+00, -3.70523745e+01,  1.63646874e-13],
       [ 1.60000000e+00, -4.29057031e+01, -5.87307980e-14],
       [-5.39742290e+00, -3.90829936e+01, -1.83852933e-13],
       [-5.96144746e+00, -3.11294465e+01, -1.39666056e-13],
       [ 4.26487908e-01, -2.63575163e+01,  3.29736238e-14],
       [ 7.89334488e+00, -2.91544937e+01,  1.75526260e-13],
       [ 0.00000000e+00,  0.00000000e+00,  0.00000000e+00],
       [ 1.60000000e+00, -4.25698106e+01, -5.63993297e-14],
       [-5.11477904e+00, -3.89015100e+01, -1.76414439e-13],
       [-5.65602120e+00, -3.12692271e+01, -1.34003919e-13],
       [ 0.00000000e+00,  0.00000000e+00,  0.00000000e+00],
       [ 7.63914054e+00, -2.93740477e+01,  1.68642877e-13],
       [ 9.25203405e+00, -3.68535705e+01,  1.50435220e-13],
       [ 1.60000000e+00, -4.22596272e+01, -5.44009282e-14],
       [-4.85376876e+00, -3.87339173e+01, -1.69531056e-13],
       [-5.37397229e+00, -3.13983089e+01, -1.28785871e-13],
       [ 5.17662146e-01, -2.69971266e+01,  3.06421555e-14],
       [ 7.40439301e+00, -2.95767971e+01,  1.61870517e-13],
       [ 8.95459171e+00, -3.67655832e+01,  1.44440016e-13],
       [ 1.60000000e+00, -4.19722965e+01, -5.24025268e-14],
       [-4.61198826e+00, -3.85786718e+01, -1.63313807e-13],
       [-5.11270317e+00, -3.15178807e+01, -1.24011912e-13],
       [ 5.58210265e-01, -2.72815819e+01,  2.94209102e-14],
       [ 0.00000000e+00,  0.00000000e+00,  0.00000000e+00],
       [ 0.00000000e+00,  0.00000000e+00,  0.00000000e+00],
       [ 1.60000000e+00, -4.17053697e+01, -5.02931030e-14],
       [-4.38737717e+00, -3.84344507e+01, -1.57318603e-13],
       [-4.86998738e+00, -3.16289614e+01, -1.19571020e-13],
       [ 5.95878967e-01, -2.75458374e+01,  2.81996648e-14],
       [ 0.00000000e+00,  0.00000000e+00,  0.00000000e+00],
       [ 0.00000000e+00,  0.00000000e+00,  0.00000000e+00],
       [ 1.60000000e+00, -4.14567362e+01, -4.86277685e-14],
       [-4.17815927e+00, -3.83001134e+01, -1.51878510e-13],
       [-4.64390556e+00, -3.17324295e+01, -1.15352172e-13],
       [ 6.30966132e-01, -2.77919827e+01,  2.70894418e-14],
       [ 6.79676309e+00, -3.01016017e+01,  1.44884105e-13],
       [ 8.18468003e+00, -3.65378334e+01,  1.29452005e-13],
       [ 1.60000000e+00, -4.12245665e+01, -4.69624339e-14],
       [-3.98279521e+00, -3.81746716e+01, -1.46660462e-13],
       [-4.43279425e+00, -3.18290461e+01, -1.11466392e-13],
       [ 0.00000000e+00,  0.00000000e+00,  0.00000000e+00],
       [ 0.00000000e+00,  0.00000000e+00,  0.00000000e+00],
       [ 7.96204687e+00, -3.64719756e+01,  1.25011113e-13],
       [ 1.60000000e+00, -4.10072673e+01, -4.54081217e-14],
       [-3.79994422e+00, -3.80572643e+01, -1.41997525e-13],
       [-4.23520463e+00, -3.19194745e+01, -1.07802656e-13],
       [ 6.94395189e-01, -2.82369535e+01,  2.55351296e-14],
       [ 0.00000000e+00,  0.00000000e+00,  0.00000000e+00],
       [ 7.75367338e+00, -3.64103361e+01,  1.21014310e-13],
       [ 1.60000000e+00, -4.08034444e+01, -4.39648318e-14],
       [-3.62843316e+00, -3.79471383e+01, -1.37223566e-13],
       [-4.04986899e+00, -3.20042948e+01, -1.04360964e-13],
       [ 0.00000000e+00,  0.00000000e+00,  0.00000000e+00],
       [ 6.30235021e+00, -3.05286217e+01,  1.31117339e-13],
       [ 0.00000000e+00,  0.00000000e+00,  0.00000000e+00],
       [ 1.60000000e+00, -4.06118726e+01, -4.25215418e-14],
       [-3.46723108e+00, -3.78436317e+01, -1.33226763e-13],
       [-3.87567327e+00, -3.20840168e+01, -1.01030295e-13],
       [ 0.00000000e+00,  0.00000000e+00,  0.00000000e+00],
       [ 6.15736822e+00, -3.06538414e+01,  1.27120536e-13],
       [ 7.37451983e+00, -3.62981775e+01,  1.13686838e-13],
       [ 1.60000000e+00, -4.04314709e+01, -4.13002965e-14],
       [-3.31542829e+00, -3.77461602e+01, -1.29118938e-13],
       [-3.71163448e+00, -3.21590904e+01, -9.80326931e-14],
       [ 0.00000000e+00,  0.00000000e+00,  0.00000000e+00],
       [ 0.00000000e+00,  0.00000000e+00,  0.00000000e+00],
       [ 7.20152827e+00, -3.62470044e+01,  1.10023102e-13],
       [ 1.60000000e+00, -4.02612818e+01, -4.00790512e-14],
       [-3.17221910e+00, -3.76542066e+01, -1.25455202e-13],
       [-3.55688197e+00, -3.22299140e+01, -9.52571355e-14],
       [ 7.99668664e-01, -2.89754736e+01,  2.24265051e-14],
       [ 0.00000000e+00,  0.00000000e+00,  0.00000000e+00],
       [ 0.00000000e+00,  0.00000000e+00,  0.00000000e+00]]), 'ray_origin': array([[  1.6 , -34.59,   1.  ],
       [  1.6 , -34.59,   1.  ],
       [  1.6 , -34.59,   1.  ],
       [  1.6 , -34.59,   1.  ],
       [  1.6 , -34.59,   1.  ],
       [  1.6 , -34.59,   1.  ],
       [  1.6 , -34.59,   1.  ],
       [  1.6 , -34.59,   1.  ],
       [  1.6 , -34.59,   1.  ],
       [  1.6 , -34.59,   1.  ],
       [  1.6 , -34.59,   1.  ],
       [  1.6 , -34.59,   1.  ],
       [  1.6 , -34.59,   1.  ],
       [  1.6 , -34.59,   1.  ],
       [  1.6 , -34.59,   1.  ],
       [  1.6 , -34.59,   1.  ],
       [  1.6 , -34.59,   1.  ],
       [  1.6 , -34.59,   1.  ],
       [  1.6 , -34.59,   1.  ],
       [  1.6 , -34.59,   1.  ],
       [  1.6 , -34.59,   1.  ],
       [  1.6 , -34.59,   1.  ],
       [  1.6 , -34.59,   1.  ],
       [  1.6 , -34.59,   1.  ],
       [  1.6 , -34.59,   1.  ],
       [  1.6 , -34.59,   1.  ],
       [  1.6 , -34.59,   1.  ],
       [  1.6 , -34.59,   1.  ],
       [  1.6 , -34.59,   1.  ],
       [  1.6 , -34.59,   1.  ],
       [  1.6 , -34.59,   1.  ],
       [  1.6 , -34.59,   1.  ],
       [  1.6 , -34.59,   1.  ],
       [  1.6 , -34.59,   1.  ],
       [  1.6 , -34.59,   1.  ],
       [  1.6 , -34.59,   1.  ],
       [  1.6 , -34.59,   1.  ],
       [  1.6 , -34.59,   1.  ],
       [  1.6 , -34.59,   1.  ],
       [  1.6 , -34.59,   1.  ],
       [  1.6 , -34.59,   1.  ],
       [  1.6 , -34.59,   1.  ],
       [  1.6 , -34.59,   1.  ],
       [  1.6 , -34.59,   1.  ],
       [  1.6 , -34.59,   1.  ],
       [  1.6 , -34.59,   1.  ],
       [  1.6 , -34.59,   1.  ],
       [  1.6 , -34.59,   1.  ],
       [  1.6 , -34.59,   1.  ],
       [  1.6 , -34.59,   1.  ],
       [  1.6 , -34.59,   1.  ],
       [  1.6 , -34.59,   1.  ],
       [  1.6 , -34.59,   1.  ],
       [  1.6 , -34.59,   1.  ],
       [  1.6 , -34.59,   1.  ],
       [  1.6 , -34.59,   1.  ],
       [  1.6 , -34.59,   1.  ],
       [  1.6 , -34.59,   1.  ],
       [  1.6 , -34.59,   1.  ],
       [  1.6 , -34.59,   1.  ],
       [  1.6 , -34.59,   1.  ],
       [  1.6 , -34.59,   1.  ],
       [  1.6 , -34.59,   1.  ],
       [  1.6 , -34.59,   1.  ],
       [  1.6 , -34.59,   1.  ],
       [  1.6 , -34.59,   1.  ],
       [  1.6 , -34.59,   1.  ],
       [  1.6 , -34.59,   1.  ],
       [  1.6 , -34.59,   1.  ],
       [  1.6 , -34.59,   1.  ],
       [  1.6 , -34.59,   1.  ],
       [  1.6 , -34.59,   1.  ],
       [  1.6 , -34.59,   1.  ],
       [  1.6 , -34.59,   1.  ],
       [  1.6 , -34.59,   1.  ],
       [  1.6 , -34.59,   1.  ],
       [  1.6 , -34.59,   1.  ],
       [  1.6 , -34.59,   1.  ],
       [  1.6 , -34.59,   1.  ],
       [  1.6 , -34.59,   1.  ],
       [  1.6 , -34.59,   1.  ],
       [  1.6 , -34.59,   1.  ],
       [  1.6 , -34.59,   1.  ],
       [  1.6 , -34.59,   1.  ],
       [  1.6 , -34.59,   1.  ],
       [  1.6 , -34.59,   1.  ],
       [  1.6 , -34.59,   1.  ],
       [  1.6 , -34.59,   1.  ],
       [  1.6 , -34.59,   1.  ],
       [  1.6 , -34.59,   1.  ],
       [  1.6 , -34.59,   1.  ],
       [  1.6 , -34.59,   1.  ],
       [  1.6 , -34.59,   1.  ],
       [  1.6 , -34.59,   1.  ],
       [  1.6 , -34.59,   1.  ],
       [  1.6 , -34.59,   1.  ],
       [  1.6 , -34.59,   1.  ],
       [  1.6 , -34.59,   1.  ],
       [  1.6 , -34.59,   1.  ],
       [  1.6 , -34.59,   1.  ],
       [  1.6 , -34.59,   1.  ],
       [  1.6 , -34.59,   1.  ],
       [  1.6 , -34.59,   1.  ],
       [  1.6 , -34.59,   1.  ],
       [  1.6 , -34.59,   1.  ],
       [  1.6 , -34.59,   1.  ],
       [  1.6 , -34.59,   1.  ],
       [  1.6 , -34.59,   1.  ],
       [  1.6 , -34.59,   1.  ],
       [  1.6 , -34.59,   1.  ],
       [  1.6 , -34.59,   1.  ],
       [  1.6 , -34.59,   1.  ],
       [  1.6 , -34.59,   1.  ],
       [  1.6 , -34.59,   1.  ],
       [  1.6 , -34.59,   1.  ],
       [  1.6 , -34.59,   1.  ],
       [  1.6 , -34.59,   1.  ],
       [  1.6 , -34.59,   1.  ],
       [  1.6 , -34.59,   1.  ],
       [  1.6 , -34.59,   1.  ],
       [  1.6 , -34.59,   1.  ],
       [  1.6 , -34.59,   1.  ],
       [  1.6 , -34.59,   1.  ],
       [  1.6 , -34.59,   1.  ],
       [  1.6 , -34.59,   1.  ],
       [  1.6 , -34.59,   1.  ],
       [  1.6 , -34.59,   1.  ],
       [  1.6 , -34.59,   1.  ],
       [  1.6 , -34.59,   1.  ],
       [  1.6 , -34.59,   1.  ],
       [  1.6 , -34.59,   1.  ],
       [  1.6 , -34.59,   1.  ],
       [  1.6 , -34.59,   1.  ],
       [  1.6 , -34.59,   1.  ],
       [  1.6 , -34.59,   1.  ],
       [  1.6 , -34.59,   1.  ],
       [  1.6 , -34.59,   1.  ],
       [  1.6 , -34.59,   1.  ],
       [  1.6 , -34.59,   1.  ],
       [  1.6 , -34.59,   1.  ],
       [  1.6 , -34.59,   1.  ],
       [  1.6 , -34.59,   1.  ],
       [  1.6 , -34.59,   1.  ],
       [  1.6 , -34.59,   1.  ],
       [  1.6 , -34.59,   1.  ],
       [  1.6 , -34.59,   1.  ],
       [  1.6 , -34.59,   1.  ],
       [  1.6 , -34.59,   1.  ],
       [  1.6 , -34.59,   1.  ],
       [  1.6 , -34.59,   1.  ],
       [  1.6 , -34.59,   1.  ],
       [  1.6 , -34.59,   1.  ],
       [  1.6 , -34.59,   1.  ],
       [  1.6 , -34.59,   1.  ],
       [  1.6 , -34.59,   1.  ],
       [  1.6 , -34.59,   1.  ],
       [  1.6 , -34.59,   1.  ],
       [  1.6 , -34.59,   1.  ],
       [  1.6 , -34.59,   1.  ],
       [  1.6 , -34.59,   1.  ],
       [  1.6 , -34.59,   1.  ],
       [  1.6 , -34.59,   1.  ],
       [  1.6 , -34.59,   1.  ],
       [  1.6 , -34.59,   1.  ],
       [  1.6 , -34.59,   1.  ],
       [  1.6 , -34.59,   1.  ],
       [  1.6 , -34.59,   1.  ],
       [  1.6 , -34.59,   1.  ],
       [  1.6 , -34.59,   1.  ],
       [  1.6 , -34.59,   1.  ],
       [  1.6 , -34.59,   1.  ],
       [  1.6 , -34.59,   1.  ],
       [  1.6 , -34.59,   1.  ],
       [  1.6 , -34.59,   1.  ],
       [  1.6 , -34.59,   1.  ],
       [  1.6 , -34.59,   1.  ],
       [  1.6 , -34.59,   1.  ],
       [  1.6 , -34.59,   1.  ],
       [  1.6 , -34.59,   1.  ],
       [  1.6 , -34.59,   1.  ],
       [  1.6 , -34.59,   1.  ],
       [  1.6 , -34.59,   1.  ],
       [  1.6 , -34.59,   1.  ],
       [  1.6 , -34.59,   1.  ],
       [  1.6 , -34.59,   1.  ],
       [  1.6 , -34.59,   1.  ],
       [  1.6 , -34.59,   1.  ],
       [  1.6 , -34.59,   1.  ],
       [  1.6 , -34.59,   1.  ],
       [  1.6 , -34.59,   1.  ],
       [  1.6 , -34.59,   1.  ],
       [  1.6 , -34.59,   1.  ],
       [  1.6 , -34.59,   1.  ],
       [  1.6 , -34.59,   1.  ],
       [  1.6 , -34.59,   1.  ],
       [  1.6 , -34.59,   1.  ],
       [  1.6 , -34.59,   1.  ],
       [  1.6 , -34.59,   1.  ],
       [  1.6 , -34.59,   1.  ],
       [  1.6 , -34.59,   1.  ],
       [  1.6 , -34.59,   1.  ],
       [  1.6 , -34.59,   1.  ],
       [  1.6 , -34.59,   1.  ],
       [  1.6 , -34.59,   1.  ],
       [  1.6 , -34.59,   1.  ],
       [  1.6 , -34.59,   1.  ],
       [  1.6 , -34.59,   1.  ],
       [  1.6 , -34.59,   1.  ],
       [  1.6 , -34.59,   1.  ],
       [  1.6 , -34.59,   1.  ],
       [  1.6 , -34.59,   1.  ],
       [  1.6 , -34.59,   1.  ],
       [  1.6 , -34.59,   1.  ],
       [  1.6 , -34.59,   1.  ],
       [  1.6 , -34.59,   1.  ],
       [  1.6 , -34.59,   1.  ],
       [  1.6 , -34.59,   1.  ],
       [  1.6 , -34.59,   1.  ],
       [  1.6 , -34.59,   1.  ],
       [  1.6 , -34.59,   1.  ],
       [  1.6 , -34.59,   1.  ],
       [  1.6 , -34.59,   1.  ],
       [  1.6 , -34.59,   1.  ],
       [  1.6 , -34.59,   1.  ],
       [  1.6 , -34.59,   1.  ],
       [  1.6 , -34.59,   1.  ],
       [  1.6 , -34.59,   1.  ],
       [  1.6 , -34.59,   1.  ],
       [  1.6 , -34.59,   1.  ],
       [  1.6 , -34.59,   1.  ],
       [  1.6 , -34.59,   1.  ],
       [  1.6 , -34.59,   1.  ],
       [  1.6 , -34.59,   1.  ],
       [  1.6 , -34.59,   1.  ],
       [  1.6 , -34.59,   1.  ],
       [  1.6 , -34.59,   1.  ],
       [  1.6 , -34.59,   1.  ],
       [  1.6 , -34.59,   1.  ],
       [  1.6 , -34.59,   1.  ],
       [  1.6 , -34.59,   1.  ],
       [  1.6 , -34.59,   1.  ],
       [  1.6 , -34.59,   1.  ],
       [  1.6 , -34.59,   1.  ],
       [  1.6 , -34.59,   1.  ],
       [  1.6 , -34.59,   1.  ],
       [  1.6 , -34.59,   1.  ],
       [  1.6 , -34.59,   1.  ],
       [  1.6 , -34.59,   1.  ],
       [  1.6 , -34.59,   1.  ],
       [  1.6 , -34.59,   1.  ],
       [  1.6 , -34.59,   1.  ],
       [  1.6 , -34.59,   1.  ],
       [  1.6 , -34.59,   1.  ],
       [  1.6 , -34.59,   1.  ],
       [  1.6 , -34.59,   1.  ],
       [  1.6 , -34.59,   1.  ],
       [  1.6 , -34.59,   1.  ],
       [  1.6 , -34.59,   1.  ],
       [  1.6 , -34.59,   1.  ],
       [  1.6 , -34.59,   1.  ],
       [  1.6 , -34.59,   1.  ],
       [  1.6 , -34.59,   1.  ],
       [  1.6 , -34.59,   1.  ],
       [  1.6 , -34.59,   1.  ],
       [  1.6 , -34.59,   1.  ],
       [  1.6 , -34.59,   1.  ],
       [  1.6 , -34.59,   1.  ],
       [  1.6 , -34.59,   1.  ],
       [  1.6 , -34.59,   1.  ],
       [  1.6 , -34.59,   1.  ],
       [  1.6 , -34.59,   1.  ],
       [  1.6 , -34.59,   1.  ],
       [  1.6 , -34.59,   1.  ],
       [  1.6 , -34.59,   1.  ],
       [  1.6 , -34.59,   1.  ],
       [  1.6 , -34.59,   1.  ],
       [  1.6 , -34.59,   1.  ],
       [  1.6 , -34.59,   1.  ],
       [  1.6 , -34.59,   1.  ],
       [  1.6 , -34.59,   1.  ],
       [  1.6 , -34.59,   1.  ],
       [  1.6 , -34.59,   1.  ],
       [  1.6 , -34.59,   1.  ],
       [  1.6 , -34.59,   1.  ],
       [  1.6 , -34.59,   1.  ],
       [  1.6 , -34.59,   1.  ],
       [  1.6 , -34.59,   1.  ],
       [  1.6 , -34.59,   1.  ],
       [  1.6 , -34.59,   1.  ],
       [  1.6 , -34.59,   1.  ],
       [  1.6 , -34.59,   1.  ],
       [  1.6 , -34.59,   1.  ],
       [  1.6 , -34.59,   1.  ],
       [  1.6 , -34.59,   1.  ],
       [  1.6 , -34.59,   1.  ],
       [  1.6 , -34.59,   1.  ],
       [  1.6 , -34.59,   1.  ],
       [  1.6 , -34.59,   1.  ],
       [  1.6 , -34.59,   1.  ],
       [  1.6 , -34.59,   1.  ]]), 'ray_vector': array([[ 1.60000000e+00, -5.45412810e+01,  2.39512947e+00],
       [-1.51884241e+01, -4.53697231e+01,  2.39512947e+00],
       [-1.65416485e+01, -2.62873375e+01,  2.39512947e+00],
       [-1.21552494e+00, -1.48383815e+01,  2.39512947e+00],
       [ 1.66991792e+01, -2.15489724e+01,  2.39512947e+00],
       [ 2.07317677e+01, -4.02494240e+01,  2.39512947e+00],
       [ 1.60000000e+00, -5.45479899e+01,  2.29562239e+00],
       [-1.51940695e+01, -4.53733480e+01,  2.29562239e+00],
       [-1.65477489e+01, -2.62845456e+01,  2.29562239e+00],
       [-1.21647170e+00, -1.48317397e+01,  2.29562239e+00],
       [ 1.67042566e+01, -2.15445872e+01,  2.29562239e+00],
       [ 2.07382010e+01, -4.02513270e+01,  2.29562239e+00],
       [ 1.60000000e+00, -5.45542026e+01,  2.19608308e+00],
       [-1.51992972e+01, -4.53767047e+01,  2.19608308e+00],
       [-1.65533980e+01, -2.62819602e+01,  2.19608308e+00],
       [-1.21734843e+00, -1.48255892e+01,  2.19608308e+00],
       [ 1.67089583e+01, -2.15405263e+01,  2.19608308e+00],
       [ 2.07441585e+01, -4.02530893e+01,  2.19608308e+00],
       [ 1.60000000e+00, -5.45599188e+01,  2.09651403e+00],
       [-1.52041072e+01, -4.53797932e+01,  2.09651403e+00],
       [-1.65585958e+01, -2.62795815e+01,  2.09651403e+00],
       [-1.21815510e+00, -1.48199302e+01,  2.09651403e+00],
       [ 1.67132844e+01, -2.15367900e+01,  2.09651403e+00],
       [ 2.07496399e+01, -4.02547108e+01,  2.09651403e+00],
       [ 1.60000000e+00, -5.45651384e+01,  1.99691771e+00],
       [-1.52084994e+01, -4.53826134e+01,  1.99691771e+00],
       [-1.65633420e+01, -2.62774093e+01,  1.99691771e+00],
       [-1.21889170e+00, -1.48147628e+01,  1.99691771e+00],
       [ 1.67172346e+01, -2.15333782e+01,  1.99691771e+00],
       [ 2.07546451e+01, -4.02561914e+01,  1.99691771e+00],
       [ 1.60000000e+00, -5.45698613e+01,  1.89729661e+00],
       [-1.52124736e+01, -4.53851651e+01,  1.89729661e+00],
       [-1.65676365e+01, -2.62754439e+01,  1.89729661e+00],
       [-1.21955819e+00, -1.48100872e+01,  1.89729661e+00],
       [ 1.67208089e+01, -2.15302911e+01,  1.89729661e+00],
       [ 2.07591740e+01, -4.02575311e+01,  1.89729661e+00],
       [ 1.60000000e+00, -5.45740874e+01,  1.79765319e+00],
       [-1.52160297e+01, -4.53874485e+01,  1.79765319e+00],
       [-1.65714793e+01, -2.62736852e+01,  1.79765319e+00],
       [-1.22015458e+00, -1.48059034e+01,  1.79765319e+00],
       [ 1.67240072e+01, -2.15275287e+01,  1.79765319e+00],
       [ 2.07632265e+01, -4.02587299e+01,  1.79765319e+00],
       [ 1.60000000e+00, -5.45778165e+01,  1.69798993e+00],
       [-1.52191677e+01, -4.53894634e+01,  1.69798993e+00],
       [-1.65748701e+01, -2.62721334e+01,  1.69798993e+00],
       [-1.22068083e+00, -1.48022116e+01,  1.69798993e+00],
       [ 1.67268294e+01, -2.15250912e+01,  1.69798993e+00],
       [ 2.07668025e+01, -4.02597877e+01,  1.69798993e+00],
       [ 1.60000000e+00, -5.45810486e+01,  1.59830932e+00],
       [-1.52218874e+01, -4.53912097e+01,  1.59830932e+00],
       [-1.65778091e+01, -2.62707883e+01,  1.59830932e+00],
       [-1.22113695e+00, -1.47990118e+01,  1.59830932e+00],
       [ 1.67292755e+01, -2.15229786e+01,  1.59830932e+00],
       [ 2.07699018e+01, -4.02607045e+01,  1.59830932e+00],
       [ 1.60000000e+00, -5.45837836e+01,  1.49861383e+00],
       [-1.52241888e+01, -4.53926874e+01,  1.49861383e+00],
       [-1.65802960e+01, -2.62696502e+01,  1.49861383e+00],
       [-1.22152291e+00, -1.47963042e+01,  1.49861383e+00],
       [ 1.67313453e+01, -2.15211909e+01,  1.49861383e+00],
       [ 2.07725245e+01, -4.02614804e+01,  1.49861383e+00],
       [ 1.60000000e+00, -5.45860215e+01,  1.39890595e+00],
       [-1.52260719e+01, -4.53938965e+01,  1.39890595e+00],
       [-1.65823309e+01, -2.62687189e+01,  1.39890595e+00],
       [-1.22183871e+00, -1.47940888e+01,  1.39890595e+00],
       [ 1.67330389e+01, -2.15197281e+01,  1.39890595e+00],
       [ 2.07746704e+01, -4.02621151e+01,  1.39890595e+00],
       [ 1.60000000e+00, -5.45877620e+01,  1.29918814e+00],
       [-1.52275365e+01, -4.53948369e+01,  1.29918814e+00],
       [-1.65839136e+01, -2.62679946e+01,  1.29918814e+00],
       [-1.22208434e+00, -1.47923656e+01,  1.29918814e+00],
       [ 1.67343562e+01, -2.15185904e+01,  1.29918814e+00],
       [ 2.07763395e+01, -4.02626089e+01,  1.29918814e+00],
       [ 1.60000000e+00, -5.45890053e+01,  1.19946289e+00],
       [-1.52285827e+01, -4.53955087e+01,  1.19946289e+00],
       [-1.65850441e+01, -2.62674772e+01,  1.19946289e+00],
       [-1.22225979e+00, -1.47911348e+01,  1.19946289e+00],
       [ 1.67352971e+01, -2.15177777e+01,  1.19946289e+00],
       [ 2.07775317e+01, -4.02629616e+01,  1.19946289e+00],
       [ 1.60000000e+00, -5.45897513e+01,  1.09973269e+00],
       [-1.52292105e+01, -4.53959118e+01,  1.09973269e+00],
       [-1.65857224e+01, -2.62671668e+01,  1.09973269e+00],
       [-1.22236507e+00, -1.47903962e+01,  1.09973269e+00],
       [ 1.67358617e+01, -2.15172901e+01,  1.09973269e+00],
       [ 2.07782470e+01, -4.02631732e+01,  1.09973269e+00],
       [ 1.60000000e+00, -5.45900000e+01,  1.00000000e+00],
       [-1.52294197e+01, -4.53960461e+01,  1.00000000e+00],
       [-1.65859485e+01, -2.62670633e+01,  1.00000000e+00],
       [-1.22240016e+00, -1.47901501e+01,  1.00000000e+00],
       [ 1.67360499e+01, -2.15171276e+01,  1.00000000e+00],
       [ 2.07784855e+01, -4.02632437e+01,  1.00000000e+00],
       [ 1.60000000e+00, -5.45897513e+01,  9.00267313e-01],
       [-1.52292105e+01, -4.53959118e+01,  9.00267313e-01],
       [-1.65857224e+01, -2.62671668e+01,  9.00267313e-01],
       [-1.22236507e+00, -1.47903962e+01,  9.00267313e-01],
       [ 1.67358617e+01, -2.15172901e+01,  9.00267313e-01],
       [ 2.07782470e+01, -4.02631732e+01,  9.00267313e-01],
       [ 1.60000000e+00, -5.45890053e+01,  8.00537106e-01],
       [-1.52285827e+01, -4.53955087e+01,  8.00537106e-01],
       [-1.65850441e+01, -2.62674772e+01,  8.00537106e-01],
       [-1.22225979e+00, -1.47911348e+01,  8.00537106e-01],
       [ 1.67352971e+01, -2.15177777e+01,  8.00537106e-01],
       [ 2.07775317e+01, -4.02629616e+01,  8.00537106e-01],
       [ 1.60000000e+00, -5.45877620e+01,  7.00811860e-01],
       [-1.52275365e+01, -4.53948369e+01,  7.00811860e-01],
       [-1.65839136e+01, -2.62679946e+01,  7.00811860e-01],
       [-1.22208434e+00, -1.47923656e+01,  7.00811860e-01],
       [ 1.67343562e+01, -2.15185904e+01,  7.00811860e-01],
       [ 2.07763395e+01, -4.02626089e+01,  7.00811860e-01],
       [ 1.60000000e+00, -5.45860215e+01,  6.01094053e-01],
       [-1.52260719e+01, -4.53938965e+01,  6.01094053e-01],
       [-1.65823309e+01, -2.62687189e+01,  6.01094053e-01],
       [-1.22183871e+00, -1.47940888e+01,  6.01094053e-01],
       [ 1.67330389e+01, -2.15197281e+01,  6.01094053e-01],
       [ 2.07746704e+01, -4.02621151e+01,  6.01094053e-01],
       [ 1.60000000e+00, -5.45837836e+01,  5.01386165e-01],
       [-1.52241888e+01, -4.53926874e+01,  5.01386165e-01],
       [-1.65802960e+01, -2.62696502e+01,  5.01386165e-01],
       [-1.22152291e+00, -1.47963042e+01,  5.01386165e-01],
       [ 1.67313453e+01, -2.15211909e+01,  5.01386165e-01],
       [ 2.07725245e+01, -4.02614804e+01,  5.01386165e-01],
       [ 1.60000000e+00, -5.45810486e+01,  4.01690677e-01],
       [-1.52218874e+01, -4.53912097e+01,  4.01690677e-01],
       [-1.65778091e+01, -2.62707883e+01,  4.01690677e-01],
       [-1.22113695e+00, -1.47990118e+01,  4.01690677e-01],
       [ 1.67292755e+01, -2.15229786e+01,  4.01690677e-01],
       [ 2.07699018e+01, -4.02607045e+01,  4.01690677e-01],
       [ 1.60000000e+00, -5.45778165e+01,  3.02010066e-01],
       [-1.52191677e+01, -4.53894634e+01,  3.02010066e-01],
       [-1.65748701e+01, -2.62721334e+01,  3.02010066e-01],
       [-1.22068083e+00, -1.48022116e+01,  3.02010066e-01],
       [ 1.67268294e+01, -2.15250912e+01,  3.02010066e-01],
       [ 2.07668025e+01, -4.02597877e+01,  3.02010066e-01],
       [ 1.60000000e+00, -5.45740874e+01,  2.02346812e-01],
       [-1.52160297e+01, -4.53874485e+01,  2.02346812e-01],
       [-1.65714793e+01, -2.62736852e+01,  2.02346812e-01],
       [-1.22015458e+00, -1.48059034e+01,  2.02346812e-01],
       [ 1.67240072e+01, -2.15275287e+01,  2.02346812e-01],
       [ 2.07632265e+01, -4.02587299e+01,  2.02346812e-01],
       [ 1.60000000e+00, -5.45698613e+01,  1.02703393e-01],
       [-1.52124736e+01, -4.53851651e+01,  1.02703393e-01],
       [-1.65676365e+01, -2.62754439e+01,  1.02703393e-01],
       [-1.21955819e+00, -1.48100872e+01,  1.02703393e-01],
       [ 1.67208089e+01, -2.15302911e+01,  1.02703393e-01],
       [ 2.07591740e+01, -4.02575311e+01,  1.02703393e-01],
       [ 1.60000000e+00, -5.45651384e+01,  3.08228679e-03],
       [-1.52084994e+01, -4.53826134e+01,  3.08228679e-03],
       [-1.65633420e+01, -2.62774093e+01,  3.08228679e-03],
       [-1.21889170e+00, -1.48147628e+01,  3.08228679e-03],
       [ 1.67172346e+01, -2.15333782e+01,  3.08228679e-03],
       [ 2.07546451e+01, -4.02561914e+01,  3.08228679e-03],
       [ 1.60000000e+00, -5.45599188e+01, -9.65140294e-02],
       [-1.52041072e+01, -4.53797932e+01, -9.65140294e-02],
       [-1.65585958e+01, -2.62795815e+01, -9.65140294e-02],
       [-1.21815510e+00, -1.48199302e+01, -9.65140294e-02],
       [ 1.67132844e+01, -2.15367900e+01, -9.65140294e-02],
       [ 2.07496399e+01, -4.02547108e+01, -9.65140294e-02],
       [ 1.60000000e+00, -5.45542026e+01, -1.96083079e-01],
       [-1.51992972e+01, -4.53767047e+01, -1.96083079e-01],
       [-1.65533980e+01, -2.62819602e+01, -1.96083079e-01],
       [-1.21734843e+00, -1.48255892e+01, -1.96083079e-01],
       [ 1.67089583e+01, -2.15405263e+01, -1.96083079e-01],
       [ 2.07441585e+01, -4.02530893e+01, -1.96083079e-01],
       [ 1.60000000e+00, -5.45479899e+01, -2.95622386e-01],
       [-1.51940695e+01, -4.53733480e+01, -2.95622386e-01],
       [-1.65477489e+01, -2.62845456e+01, -2.95622386e-01],
       [-1.21647170e+00, -1.48317397e+01, -2.95622386e-01],
       [ 1.67042566e+01, -2.15445872e+01, -2.95622386e-01],
       [ 2.07382010e+01, -4.02513270e+01, -2.95622386e-01],
       [ 1.60000000e+00, -5.45412810e+01, -3.95129475e-01],
       [-1.51884241e+01, -4.53697231e+01, -3.95129475e-01],
       [-1.65416485e+01, -2.62873375e+01, -3.95129475e-01],
       [-1.21552494e+00, -1.48383815e+01, -3.95129475e-01],
       [ 1.66991792e+01, -2.15489724e+01, -3.95129475e-01],
       [ 2.07317677e+01, -4.02494240e+01, -3.95129475e-01],
       [ 1.60000000e+00, -5.45340759e+01, -4.94601872e-01],
       [-1.51823612e+01, -4.53658302e+01, -4.94601872e-01],
       [-1.65350969e+01, -2.62903359e+01, -4.94601872e-01],
       [-1.21450816e+00, -1.48455145e+01, -4.94601872e-01],
       [ 1.66937264e+01, -2.15536820e+01, -4.94601872e-01],
       [ 2.07248586e+01, -4.02473802e+01, -4.94601872e-01],
       [ 1.60000000e+00, -5.45263749e+01, -5.94037103e-01],
       [-1.51758811e+01, -4.53616694e+01, -5.94037103e-01],
       [-1.65280944e+01, -2.62935406e+01, -5.94037103e-01],
       [-1.21342139e+00, -1.48531384e+01, -5.94037103e-01],
       [ 1.66878983e+01, -2.15587157e+01, -5.94037103e-01],
       [ 2.07174739e+01, -4.02451957e+01, -5.94037103e-01],
       [ 1.60000000e+00, -5.45181782e+01, -6.93432695e-01],
       [-1.51689837e+01, -4.53572406e+01, -6.93432695e-01],
       [-1.65206411e+01, -2.62969517e+01, -6.93432695e-01],
       [-1.21226467e+00, -1.48612531e+01, -6.93432695e-01],
       [ 1.66816950e+01, -2.15640735e+01, -6.93432695e-01],
       [ 2.07096138e+01, -4.02428706e+01, -6.93432695e-01],
       [ 1.60000000e+00, -5.45094859e+01, -7.92786178e-01],
       [-1.51616694e+01, -4.53525442e+01, -7.92786178e-01],
       [-1.65127373e+01, -2.63005690e+01, -7.92786178e-01],
       [-1.21103801e+00, -1.48698584e+01, -7.92786178e-01],
       [ 1.66751166e+01, -2.15697551e+01, -7.92786178e-01],
       [ 2.07012785e+01, -4.02404049e+01, -7.92786178e-01],
       [ 1.60000000e+00, -5.45002982e+01, -8.92095080e-01],
       [-1.51539383e+01, -4.53475801e+01, -8.92095080e-01],
       [-1.65043830e+01, -2.63043924e+01, -8.92095080e-01],
       [-1.20974145e+00, -1.48789541e+01, -8.92095080e-01],
       [ 1.66681634e+01, -2.15757606e+01, -8.92095080e-01],
       [ 2.06924683e+01, -4.02377987e+01, -8.92095080e-01],
       [ 1.60000000e+00, -5.44906155e+01, -9.91356932e-01],
       [-1.51457905e+01, -4.53423484e+01, -9.91356932e-01],
       [-1.64955785e+01, -2.63084218e+01, -9.91356932e-01],
       [-1.20837502e+00, -1.48885400e+01, -9.91356932e-01],
       [ 1.66608355e+01, -2.15820896e+01, -9.91356932e-01],
       [ 2.06831833e+01, -4.02350521e+01, -9.91356932e-01],
       [ 1.60000000e+00, -5.44804379e+01, -1.09056927e+00],
       [-1.51372264e+01, -4.53368495e+01, -1.09056927e+00],
       [-1.64863240e+01, -2.63126572e+01, -1.09056927e+00],
       [-1.20693876e+00, -1.48986157e+01, -1.09056927e+00],
       [ 1.66531330e+01, -2.15887421e+01, -1.09056927e+00],
       [ 2.06734237e+01, -4.02321651e+01, -1.09056927e+00],
       [ 1.60000000e+00, -5.44697657e+01, -1.18972961e+00],
       [-1.51282460e+01, -4.53310832e+01, -1.18972961e+00],
       [-1.64766198e+01, -2.63170984e+01, -1.18972961e+00],
       [-1.20543270e+00, -1.49091811e+01, -1.18972961e+00],
       [ 1.66450563e+01, -2.15957180e+01, -1.18972961e+00],
       [ 2.06631899e+01, -4.02291378e+01, -1.18972961e+00],
       [ 1.60000000e+00, -5.44585991e+01, -1.28883551e+00],
       [-1.51188497e+01, -4.53250499e+01, -1.28883551e+00],
       [-1.64664661e+01, -2.63217453e+01, -1.28883551e+00],
       [-1.20385687e+00, -1.49202359e+01, -1.28883551e+00],
       [ 1.66366054e+01, -2.16030169e+01, -1.28883551e+00],
       [ 2.06524820e+01, -4.02259703e+01, -1.28883551e+00],
       [ 1.60000000e+00, -5.44469385e+01, -1.38788449e+00],
       [-1.51090376e+01, -4.53187497e+01, -1.38788449e+00],
       [-1.64558631e+01, -2.63265978e+01, -1.38788449e+00],
       [-1.20221132e+00, -1.49317799e+01, -1.38788449e+00],
       [ 1.66277806e+01, -2.16106388e+01, -1.38788449e+00],
       [ 2.06413004e+01, -4.02226626e+01, -1.38788449e+00],
       [ 1.60000000e+00, -5.44347841e+01, -1.48687409e+00],
       [-1.50988100e+01, -4.53121826e+01, -1.48687409e+00],
       [-1.64448111e+01, -2.63316559e+01, -1.48687409e+00],
       [-1.20049610e+00, -1.49438126e+01, -1.48687409e+00],
       [ 1.66185821e+01, -2.16185834e+01, -1.48687409e+00],
       [ 2.06296452e+01, -4.02192148e+01, -1.48687409e+00],
       [ 1.60000000e+00, -5.44221363e+01, -1.58580185e+00],
       [-1.50881672e+01, -4.53053490e+01, -1.58580185e+00],
       [-1.64333105e+01, -2.63369192e+01, -1.58580185e+00],
       [-1.19871123e+00, -1.49563339e+01, -1.58580185e+00],
       [ 1.66090102e+01, -2.16268506e+01, -1.58580185e+00],
       [ 2.06175169e+01, -4.02156271e+01, -1.58580185e+00],
       [ 1.60000000e+00, -5.44089952e+01, -1.68466532e+00],
       [-1.50771094e+01, -4.52982488e+01, -1.68466532e+00],
       [-1.64213614e+01, -2.63423878e+01, -1.68466532e+00],
       [-1.19685677e+00, -1.49693434e+01, -1.68466532e+00],
       [ 1.65990650e+01, -2.16354402e+01, -1.68466532e+00],
       [ 2.06049156e+01, -4.02118995e+01, -1.68466532e+00],
       [ 1.60000000e+00, -5.43953614e+01, -1.78346202e+00],
       [-1.50656369e+01, -4.52908824e+01, -1.78346202e+00],
       [-1.64089641e+01, -2.63480615e+01, -1.78346202e+00],
       [-1.19493276e+00, -1.49828408e+01, -1.78346202e+00],
       [ 1.65887469e+01, -2.16443519e+01, -1.78346202e+00],
       [ 2.05918418e+01, -4.02080321e+01, -1.78346202e+00],
       [ 1.60000000e+00, -5.43812350e+01, -1.88218951e+00],
       [-1.50537500e+01, -4.52832499e+01, -1.88218951e+00],
       [-1.63961191e+01, -2.63539402e+01, -1.88218951e+00],
       [-1.19293925e+00, -1.49968258e+01, -1.88218951e+00],
       [ 1.65780560e+01, -2.16535855e+01, -1.88218951e+00],
       [ 2.05782957e+01, -4.02040250e+01, -1.88218951e+00],
       [ 1.60000000e+00, -5.43666165e+01, -1.98084532e+00],
       [-1.50414490e+01, -4.52753515e+01, -1.98084532e+00],
       [-1.63828265e+01, -2.63600236e+01, -1.98084532e+00],
       [-1.19087628e+00, -1.50112980e+01, -1.98084532e+00],
       [ 1.65669927e+01, -2.16631408e+01, -1.98084532e+00],
       [ 2.05642777e+01, -4.01998783e+01, -1.98084532e+00],
       [ 1.60000000e+00, -5.43515062e+01, -2.07942702e+00],
       [-1.50287341e+01, -4.52671874e+01, -2.07942702e+00],
       [-1.63690868e+01, -2.63663117e+01, -2.07942702e+00],
       [-1.18874392e+00, -1.50262571e+01, -2.07942702e+00],
       [ 1.65555572e+01, -2.16730175e+01, -2.07942702e+00],
       [ 2.05497880e+01, -4.01955921e+01, -2.07942702e+00],
       [ 1.60000000e+00, -5.43359046e+01, -2.17793213e+00],
       [-1.50156058e+01, -4.52587578e+01, -2.17793213e+00],
       [-1.63549002e+01, -2.63728043e+01, -2.17793213e+00],
       [-1.18654221e+00, -1.50417026e+01, -2.17793213e+00],
       [ 1.65437499e+01, -2.16832154e+01, -2.17793213e+00],
       [ 2.05348272e+01, -4.01911664e+01, -2.17793213e+00],
       [ 1.60000000e+00, -5.43198119e+01, -2.27635823e+00],
       [-1.50020642e+01, -4.52500629e+01, -2.27635823e+00],
       [-1.63402672e+01, -2.63795012e+01, -2.27635823e+00],
       [-1.18427121e+00, -1.50576343e+01, -2.27635823e+00],
       [ 1.65315709e+01, -2.16937343e+01, -2.27635823e+00],
       [ 2.05193955e+01, -4.01866016e+01, -2.27635823e+00],
       [ 1.60000000e+00, -5.43032286e+01, -2.37470285e+00],
       [-1.49881099e+01, -4.52411029e+01, -2.37470285e+00],
       [-1.63251880e+01, -2.63864023e+01, -2.37470285e+00],
       [-1.18193097e+00, -1.50740516e+01, -2.37470285e+00],
       [ 1.65190206e+01, -2.17045739e+01, -2.37470285e+00],
       [ 2.05034934e+01, -4.01818975e+01, -2.37470285e+00],
       [ 1.60000000e+00, -5.42861551e+01, -2.47296355e+00],
       [-1.49737430e+01, -4.52318780e+01, -2.47296355e+00],
       [-1.63096631e+01, -2.63935074e+01, -2.47296355e+00],
       [-1.17952156e+00, -1.50909543e+01, -2.47296355e+00],
       [ 1.65060993e+01, -2.17157339e+01, -2.47296355e+00],
       [ 2.04871212e+01, -4.01770544e+01, -2.47296355e+00]])}
