RLidar: {'hit': array([0, 0, 0, 0, 0, 0, 0, 0, 0, 0, 0, 0, 0, 0, 0, 0, 0, 0, 0, 0, 0, 0,
       0, 0, 0, 0, 0, 0, 0, 0, 0, 0, 0, 0, 0, 0, 0, 0, 0, 0, 0, 0, 0, 0,
       0, 0, 0, 0, 0, 0, 0, 0, 0, 0, 0, 0, 0, 0, 0, 0, 0, 0, 0, 0, 0, 0,
       0, 0, 0, 0, 0, 0, 0, 0, 0, 0, 0, 0, 0, 0, 0, 0, 0, 0, 0, 0, 0, 0,
       0, 0, 0, 0, 0, 0, 0, 0, 0, 0, 0, 0, 0, 0, 0, 0, 0, 0, 0, 0, 0, 0,
       0, 0, 0, 0, 0, 0, 0, 0, 0, 0, 0, 0, 0, 0, 0, 0, 0, 0, 0, 0, 0, 0,
       0, 0, 0, 0, 0, 0, 0, 0, 0, 0, 0, 0, 0, 0, 0, 0, 0, 0, 1, 1, 1, 1,
       0, 0, 1, 1, 1, 1, 1, 1, 1, 1, 1, 1, 1, 1, 1, 1, 1, 1, 0, 1, 1, 1,
       1, 0, 1, 1, 1, 1, 1, 1, 1, 1, 1, 1, 1, 1, 1, 1, 1, 1, 1, 1, 1, 0,
       1, 1, 1, 1, 0, 1, 1, 1, 1, 1, 0, 1, 1, 1, 1, 0, 1, 0, 1, 1, 1, 1,
       0, 1, 1, 1, 1, 0, 1, 1, 1, 1, 1, 0, 1, 1, 1, 1, 1, 1, 0, 1, 1, 1,
       1, 1, 0, 0, 1, 1, 1, 1, 1, 1, 1, 1, 1, 0, 0, 1, 1, 1, 1, 1, 0, 0,
       1, 1, 1, 1, 1, 1, 1, 1, 1, 0, 1, 1, 1, 1, 1, 0, 1, 0, 1, 1, 1, 0,
       1, 1, 1, 1, 1, 1, 0, 1, 1, 1, 1, 0, 1, 1], dtype=int8), 'point_cloud': array([[ 0.00000000e+00,  0.00000000e+00,  0.00000000e+00],
       [ 0.00000000e+00,  0.00000000e+00,  0.00000000e+00],
       [ 0.00000000e+00,  0.00000000e+00,  0.00000000e+00],
       [ 0.00000000e+00,  0.00000000e+00,  0.00000000e+00],
       [ 0.00000000e+00,  0.00000000e+00,  0.00000000e+00],
       [ 0.00000000e+00,  0.00000000e+00,  0.00000000e+00],
       [ 0.00000000e+00,  0.00000000e+00,  0.00000000e+00],
       [ 0.00000000e+00,  0.00000000e+00,  0.00000000e+00],
       [ 0.00000000e+00,  0.00000000e+00,  0.00000000e+00],
       [ 0.00000000e+00,  0.00000000e+00,  0.00000000e+00],
       [ 0.00000000e+00,  0.00000000e+00,  0.00000000e+00],
       [ 0.00000000e+00,  0.00000000e+00,  0.00000000e+00],
       [ 0.00000000e+00,  0.00000000e+00,  0.00000000e+00],
       [ 0.00000000e+00,  0.00000000e+00,  0.00000000e+00],
       [ 0.00000000e+00,  0.00000000e+00,  0.00000000e+00],
       [ 0.00000000e+00,  0.00000000e+00,  0.00000000e+00],
       [ 0.00000000e+00,  0.00000000e+00,  0.00000000e+00],
       [ 0.00000000e+00,  0.00000000e+00,  0.00000000e+00],
       [ 0.00000000e+00,  0.00000000e+00,  0.00000000e+00],
       [ 0.00000000e+00,  0.00000000e+00,  0.00000000e+00],
       [ 0.00000000e+00,  0.00000000e+00,  0.00000000e+00],
       [ 0.00000000e+00,  0.00000000e+00,  0.00000000e+00],
       [ 0.00000000e+00,  0.00000000e+00,  0.00000000e+00],
       [ 0.00000000e+00,  0.00000000e+00,  0.00000000e+00],
       [ 0.00000000e+00,  0.00000000e+00,  0.00000000e+00],
       [ 0.00000000e+00,  0.00000000e+00,  0.00000000e+00],
       [ 0.00000000e+00,  0.00000000e+00,  0.00000000e+00],
       [ 0.00000000e+00,  0.00000000e+00,  0.00000000e+00],
       [ 0.00000000e+00,  0.00000000e+00,  0.00000000e+00],
       [ 0.00000000e+00,  0.00000000e+00,  0.00000000e+00],
       [ 0.00000000e+00,  0.00000000e+00,  0.00000000e+00],
       [ 0.00000000e+00,  0.00000000e+00,  0.00000000e+00],
       [ 0.00000000e+00,  0.00000000e+00,  0.00000000e+00],
       [ 0.00000000e+00,  0.00000000e+00,  0.00000000e+00],
       [ 0.00000000e+00,  0.00000000e+00,  0.00000000e+00],
       [ 0.00000000e+00,  0.00000000e+00,  0.00000000e+00],
       [ 0.00000000e+00,  0.00000000e+00,  0.00000000e+00],
       [ 0.00000000e+00,  0.00000000e+00,  0.00000000e+00],
       [ 0.00000000e+00,  0.00000000e+00,  0.00000000e+00],
       [ 0.00000000e+00,  0.00000000e+00,  0.00000000e+00],
       [ 0.00000000e+00,  0.00000000e+00,  0.00000000e+00],
       [ 0.00000000e+00,  0.00000000e+00,  0.00000000e+00],
       [ 0.00000000e+00,  0.00000000e+00,  0.00000000e+00],
       [ 0.00000000e+00,  0.00000000e+00,  0.00000000e+00],
       [ 0.00000000e+00,  0.00000000e+00,  0.00000000e+00],
       [ 0.00000000e+00,  0.00000000e+00,  0.00000000e+00],
       [ 0.00000000e+00,  0.00000000e+00,  0.00000000e+00],
       [ 0.00000000e+00,  0.00000000e+00,  0.00000000e+00],
       [ 0.00000000e+00,  0.00000000e+00,  0.00000000e+00],
       [ 0.00000000e+00,  0.00000000e+00,  0.00000000e+00],
       [ 0.00000000e+00,  0.00000000e+00,  0.00000000e+00],
       [ 0.00000000e+00,  0.00000000e+00,  0.00000000e+00],
       [ 0.00000000e+00,  0.00000000e+00,  0.00000000e+00],
       [ 0.00000000e+00,  0.00000000e+00,  0.00000000e+00],
       [ 0.00000000e+00,  0.00000000e+00,  0.00000000e+00],
       [ 0.00000000e+00,  0.00000000e+00,  0.00000000e+00],
       [ 0.00000000e+00,  0.00000000e+00,  0.00000000e+00],
       [ 0.00000000e+00,  0.00000000e+00,  0.00000000e+00],
       [ 0.00000000e+00,  0.00000000e+00,  0.00000000e+00],
       [ 0.00000000e+00,  0.00000000e+00,  0.00000000e+00],
       [ 0.00000000e+00,  0.00000000e+00,  0.00000000e+00],
       [ 0.00000000e+00,  0.00000000e+00,  0.00000000e+00],
       [ 0.00000000e+00,  0.00000000e+00,  0.00000000e+00],
       [ 0.00000000e+00,  0.00000000e+00,  0.00000000e+00],
       [ 0.00000000e+00,  0.00000000e+00,  0.00000000e+00],
       [ 0.00000000e+00,  0.00000000e+00,  0.00000000e+00],
       [ 0.00000000e+00,  0.00000000e+00,  0.00000000e+00],
       [ 0.00000000e+00,  0.00000000e+00,  0.00000000e+00],
       [ 0.00000000e+00,  0.00000000e+00,  0.00000000e+00],
       [ 0.00000000e+00,  0.00000000e+00,  0.00000000e+00],
       [ 0.00000000e+00,  0.00000000e+00,  0.00000000e+00],
       [ 0.00000000e+00,  0.00000000e+00,  0.00000000e+00],
       [ 0.00000000e+00,  0.00000000e+00,  0.00000000e+00],
       [ 0.00000000e+00,  0.00000000e+00,  0.00000000e+00],
       [ 0.00000000e+00,  0.00000000e+00,  0.00000000e+00],
       [ 0.00000000e+00,  0.00000000e+00,  0.00000000e+00],
       [ 0.00000000e+00,  0.00000000e+00,  0.00000000e+00],
       [ 0.00000000e+00,  0.00000000e+00,  0.00000000e+00],
       [ 0.00000000e+00,  0.00000000e+00,  0.00000000e+00],
       [ 0.00000000e+00,  0.00000000e+00,  0.00000000e+00],
       [ 0.00000000e+00,  0.00000000e+00,  0.00000000e+00],
       [ 0.00000000e+00,  0.00000000e+00,  0.00000000e+00],
       [ 0.00000000e+00,  0.00000000e+00,  0.00000000e+00],
       [ 0.00000000e+00,  0.00000000e+00,  0.00000000e+00],
       [ 0.00000000e+00,  0.00000000e+00,  0.00000000e+00],
       [ 0.00000000e+00,  0.00000000e+00,  0.00000000e+00],
       [ 0.00000000e+00,  0.00000000e+00,  0.00000000e+00],
       [ 0.00000000e+00,  0.00000000e+00,  0.00000000e+00],
       [ 0.00000000e+00,  0.00000000e+00,  0.00000000e+00],
       [ 0.00000000e+00,  0.00000000e+00,  0.00000000e+00],
       [ 0.00000000e+00,  0.00000000e+00,  0.00000000e+00],
       [ 0.00000000e+00,  0.00000000e+00,  0.00000000e+00],
       [ 0.00000000e+00,  0.00000000e+00,  0.00000000e+00],
       [ 0.00000000e+00,  0.00000000e+00,  0.00000000e+00],
       [ 0.00000000e+00,  0.00000000e+00,  0.00000000e+00],
       [ 0.00000000e+00,  0.00000000e+00,  0.00000000e+00],
       [ 0.00000000e+00,  0.00000000e+00,  0.00000000e+00],
       [ 0.00000000e+00,  0.00000000e+00,  0.00000000e+00],
       [ 0.00000000e+00,  0.00000000e+00,  0.00000000e+00],
       [ 0.00000000e+00,  0.00000000e+00,  0.00000000e+00],
       [ 0.00000000e+00,  0.00000000e+00,  0.00000000e+00],
       [ 0.00000000e+00,  0.00000000e+00,  0.00000000e+00],
       [ 0.00000000e+00,  0.00000000e+00,  0.00000000e+00],
       [ 0.00000000e+00,  0.00000000e+00,  0.00000000e+00],
       [ 0.00000000e+00,  0.00000000e+00,  0.00000000e+00],
       [ 0.00000000e+00,  0.00000000e+00,  0.00000000e+00],
       [ 0.00000000e+00,  0.00000000e+00,  0.00000000e+00],
       [ 0.00000000e+00,  0.00000000e+00,  0.00000000e+00],
       [ 0.00000000e+00,  0.00000000e+00,  0.00000000e+00],
       [ 0.00000000e+00,  0.00000000e+00,  0.00000000e+00],
       [ 0.00000000e+00,  0.00000000e+00,  0.00000000e+00],
       [ 0.00000000e+00,  0.00000000e+00,  0.00000000e+00],
       [ 0.00000000e+00,  0.00000000e+00,  0.00000000e+00],
       [ 0.00000000e+00,  0.00000000e+00,  0.00000000e+00],
       [ 0.00000000e+00,  0.00000000e+00,  0.00000000e+00],
       [ 0.00000000e+00,  0.00000000e+00,  0.00000000e+00],
       [ 0.00000000e+00,  0.00000000e+00,  0.00000000e+00],
       [ 0.00000000e+00,  0.00000000e+00,  0.00000000e+00],
       [ 0.00000000e+00,  0.00000000e+00,  0.00000000e+00],
       [ 0.00000000e+00,  0.00000000e+00,  0.00000000e+00],
       [ 0.00000000e+00,  0.00000000e+00,  0.00000000e+00],
       [ 0.00000000e+00,  0.00000000e+00,  0.00000000e+00],
       [ 0.00000000e+00,  0.00000000e+00,  0.00000000e+00],
       [ 0.00000000e+00,  0.00000000e+00,  0.00000000e+00],
       [ 0.00000000e+00,  0.00000000e+00,  0.00000000e+00],
       [ 0.00000000e+00,  0.00000000e+00,  0.00000000e+00],
       [ 0.00000000e+00,  0.00000000e+00,  0.00000000e+00],
       [ 0.00000000e+00,  0.00000000e+00,  0.00000000e+00],
       [ 0.00000000e+00,  0.00000000e+00,  0.00000000e+00],
       [ 0.00000000e+00,  0.00000000e+00,  0.00000000e+00],
       [ 0.00000000e+00,  0.00000000e+00,  0.00000000e+00],
       [ 0.00000000e+00,  0.00000000e+00,  0.00000000e+00],
       [ 0.00000000e+00,  0.00000000e+00,  0.00000000e+00],
       [ 0.00000000e+00,  0.00000000e+00,  0.00000000e+00],
       [ 0.00000000e+00,  0.00000000e+00,  0.00000000e+00],
       [ 0.00000000e+00,  0.00000000e+00,  0.00000000e+00],
       [ 0.00000000e+00,  0.00000000e+00,  0.00000000e+00],
       [ 0.00000000e+00,  0.00000000e+00,  0.00000000e+00],
       [ 0.00000000e+00,  0.00000000e+00,  0.00000000e+00],
       [ 0.00000000e+00,  0.00000000e+00,  0.00000000e+00],
       [ 0.00000000e+00,  0.00000000e+00,  0.00000000e+00],
       [ 0.00000000e+00,  0.00000000e+00,  0.00000000e+00],
       [ 0.00000000e+00,  0.00000000e+00,  0.00000000e+00],
       [ 0.00000000e+00,  0.00000000e+00,  0.00000000e+00],
       [ 0.00000000e+00,  0.00000000e+00,  0.00000000e+00],
       [ 0.00000000e+00,  0.00000000e+00,  0.00000000e+00],
       [ 0.00000000e+00,  0.00000000e+00,  0.00000000e+00],
       [ 0.00000000e+00,  0.00000000e+00,  0.00000000e+00],
       [ 0.00000000e+00,  0.00000000e+00,  0.00000000e+00],
       [ 0.00000000e+00,  0.00000000e+00,  0.00000000e+00],
       [ 1.60000000e+00, -6.50521872e+01, -1.29035671e-13],
       [-1.37250271e+01, -5.66800868e+01, -3.00773295e-13],
       [-1.49602950e+01, -3.92610559e+01, -1.95954364e-13],
       [-9.70104009e-01, -2.88100713e+01,  8.93590757e-14],
       [ 0.00000000e+00,  0.00000000e+00,  0.00000000e+00],
       [ 0.00000000e+00,  0.00000000e+00,  0.00000000e+00],
       [ 1.60000000e+00, -6.35313176e+01, -1.18349774e-13],
       [-1.24452595e+01, -5.58583574e+01, -2.75696133e-13],
       [-1.35773722e+01, -3.98939610e+01, -1.79578574e-13],
       [-7.55478880e-01, -3.03157208e+01,  8.17679258e-14],
       [ 1.42320308e+01, -3.59298267e+01,  2.68174372e-13],
       [ 1.76057097e+01, -5.15746956e+01,  2.07861506e-13],
       [ 1.60000000e+00, -6.22441719e+01, -1.09245946e-13],
       [-1.13621637e+01, -5.51629096e+01, -2.54490873e-13],
       [-1.24069739e+01, -4.04296026e+01, -1.65589764e-13],
       [-5.73836862e-01, -3.15899854e+01,  7.55784324e-14],
       [ 1.32579157e+01, -3.67711613e+01,  2.47357690e-13],
       [ 1.63714344e+01, -5.12095811e+01,  1.91846539e-13],
       [ 1.60000000e+00, -6.11406663e+01, -1.01474384e-13],
       [-1.04335957e+01, -5.45666830e+01, -2.36199948e-13],
       [-1.14035590e+01, -4.08888230e+01, -1.53821400e-13],
       [-4.18110137e-01, -3.26824477e+01,  7.01660952e-14],
       [ 0.00000000e+00,  0.00000000e+00,  0.00000000e+00],
       [ 1.53132560e+01, -5.08965582e+01,  1.78246307e-13],
       [ 1.60000000e+00, -6.01840726e+01, -9.47020240e-14],
       [-9.62864995e+00, -5.40498332e+01, -2.20490293e-13],
       [-1.05337309e+01, -4.12869064e+01, -1.43496326e-13],
       [ 0.00000000e+00,  0.00000000e+00,  0.00000000e+00],
       [ 1.16988275e+01, -3.81177320e+01,  2.14273044e-13],
       [ 1.43959552e+01, -5.06252088e+01,  1.66144876e-13],
       [ 1.60000000e+00, -5.93468450e+01, -8.86513085e-14],
       [-8.92414716e+00, -5.35974772e+01, -2.06556994e-13],
       [-9.77244196e+00, -4.16353160e+01, -1.34448008e-13],
       [-1.64966065e-01, -3.44583173e+01,  6.13953333e-14],
       [ 1.10652115e+01, -3.86649806e+01,  2.01061390e-13],
       [ 1.35931173e+01, -5.03877190e+01,  1.55930824e-13],
       [ 1.60000000e+00, -5.86079186e+01, -8.33777491e-14],
       [-8.30236209e+00, -5.31982336e+01, -1.94289029e-13],
       [-9.10053814e+00, -4.19428179e+01, -1.26620936e-13],
       [-6.06887734e-02, -3.51898488e+01,  5.77871084e-14],
       [ 1.05059902e+01, -3.91479750e+01,  1.89015470e-13],
       [ 1.28845428e+01, -5.01781135e+01,  1.46549439e-13],
       [ 1.60000000e+00, -5.79509100e+01, -7.87148124e-14],
       [-7.74950838e+00, -5.28432503e+01, -1.83519866e-13],
       [-8.50312188e+00, -4.22162300e+01, -1.19404486e-13],
       [ 3.20282908e-02, -3.58402825e+01,  5.45674617e-14],
       [ 1.00087644e+01, -3.95774246e+01,  1.78523862e-13],
       [ 0.00000000e+00,  0.00000000e+00,  0.00000000e+00],
       [ 1.60000000e+00, -5.73628846e+01, -7.46069873e-14],
       [-7.25470210e+00, -5.25255388e+01, -1.73860926e-13],
       [-7.96843192e+00, -4.24609348e+01, -1.13131726e-13],
       [ 1.15010436e-01, -3.64224232e+01,  5.15698595e-14],
       [ 0.00000000e+00,  0.00000000e+00,  0.00000000e+00],
       [ 1.16906495e+01, -4.98249445e+01,  1.31172850e-13],
       [ 1.60000000e+00, -5.68334950e+01, -7.08877401e-14],
       [-6.80923606e+00, -5.22395084e+01, -1.65034653e-13],
       [-7.48705927e+00, -4.26812387e+01, -1.07469589e-13],
       [ 1.89717908e-01, -3.69465150e+01,  4.89608354e-14],
       [ 0.00000000e+00,  0.00000000e+00,  0.00000000e+00],
       [ 1.11830049e+01, -4.96747766e+01,  1.24567023e-13],
       [ 1.60000000e+00, -5.63543645e+01, -6.75015599e-14],
       [-6.40606163e+00, -5.19806331e+01, -1.57096558e-13],
       [-7.05138712e+00, -4.28806273e+01, -1.02362563e-13],
       [ 0.00000000e+00,  0.00000000e+00,  0.00000000e+00],
       [ 8.80049476e+00, -4.06209964e+01,  1.52766688e-13],
       [ 0.00000000e+00,  0.00000000e+00,  0.00000000e+00],
       [ 1.60000000e+00, -5.59186395e+01, -6.43929354e-14],
       [-6.03941170e+00, -5.17452098e+01, -1.49991131e-13],
       [-6.65518351e+00, -4.30619529e+01, -9.76996262e-14],
       [ 3.18822325e-01, -3.78522150e+01,  4.45199433e-14],
       [ 0.00000000e+00,  0.00000000e+00,  0.00000000e+00],
       [ 1.03057278e+01, -4.94152667e+01,  1.13020704e-13],
       [ 1.60000000e+00, -5.55206584e+01, -6.15063556e-14],
       [-5.70452215e+00, -5.15301797e+01, -1.43218770e-13],
       [-6.29330033e+00, -4.32275715e+01, -9.32587341e-14],
       [ 0.00000000e+00,  0.00000000e+00,  0.00000000e+00],
       [ 8.16954392e+00, -4.11659430e+01,  1.39332990e-13],
       [ 9.92409404e+00, -4.93023745e+01,  1.08246745e-13],
       [ 1.60000000e+00, -5.51557031e+01, -5.87307980e-14],
       [-5.39742290e+00, -5.13329936e+01, -1.37334588e-13],
       [-5.96144746e+00, -4.33794465e+01, -8.93729535e-14],
       [ 0.00000000e+00,  0.00000000e+00,  0.00000000e+00],
       [ 7.89334488e+00, -4.14044937e+01,  1.33670852e-13],
       [ 9.57412959e+00, -4.91988505e+01,  1.03694830e-13],
       [ 1.60000000e+00, -5.48198106e+01, -5.63993297e-14],
       [-5.11477904e+00, -5.11515100e+01, -1.31783473e-13],
       [-5.65602120e+00, -4.35192271e+01, -8.58202398e-14],
       [ 4.73889070e-01, -3.89400474e+01,  3.91908728e-14],
       [ 0.00000000e+00,  0.00000000e+00,  0.00000000e+00],
       [ 9.25203405e+00, -4.91035705e+01,  9.93649607e-14],
       [ 1.60000000e+00, -5.45096272e+01, -5.44009282e-14],
       [-4.85376876e+00, -5.09839173e+01, -1.26676447e-13],
       [-5.37397229e+00, -4.36483089e+01, -8.24895707e-14],
       [ 5.17662146e-01, -3.92471266e+01,  3.76365605e-14],
       [ 0.00000000e+00,  0.00000000e+00,  0.00000000e+00],
       [ 0.00000000e+00,  0.00000000e+00,  0.00000000e+00],
       [ 1.60000000e+00, -5.42222965e+01, -5.24025268e-14],
       [-4.61198826e+00, -5.08286718e+01, -1.21902488e-13],
       [-5.11270317e+00, -4.37678807e+01, -7.92699240e-14],
       [ 5.58210265e-01, -3.95315819e+01,  3.64153152e-14],
       [ 7.18694037e+00, -4.20146090e+01,  1.18793864e-13],
       [ 8.67906327e+00, -4.89340783e+01,  9.20374887e-14],
       [ 1.60000000e+00, -5.39553697e+01, -5.02931030e-14],
       [-4.38737717e+00, -5.06844507e+01, -1.17461596e-13],
       [-4.86998738e+00, -4.38789614e+01, -7.63833441e-14],
       [ 0.00000000e+00,  0.00000000e+00,  0.00000000e+00],
       [ 0.00000000e+00,  0.00000000e+00,  0.00000000e+00],
       [ 8.42310075e+00, -4.88583613e+01,  8.87068197e-14],
       [ 1.60000000e+00, -5.37067362e+01, -4.86277685e-14],
       [-4.17815927e+00, -5.05501134e+01, -1.13464793e-13],
       [-4.64390556e+00, -4.39824295e+01, -7.39408534e-14],
       [ 6.30966132e-01, -4.00419827e+01,  3.37507799e-14],
       [ 0.00000000e+00,  0.00000000e+00,  0.00000000e+00],
       [ 0.00000000e+00,  0.00000000e+00,  0.00000000e+00],
       [ 1.60000000e+00, -5.34745665e+01, -4.69624339e-14],
       [-3.98279521e+00, -5.04246716e+01, -1.09579013e-13],
       [-4.43279425e+00, -4.40790461e+01, -7.11652959e-14],
       [ 6.63729922e-01, -4.02718289e+01,  3.25295346e-14],
       [ 6.62105648e+00, -4.25033579e+01,  1.06692433e-13],
       [ 7.96204687e+00, -4.87219756e+01,  8.26005930e-14],
       [ 1.60000000e+00, -5.32572673e+01, -4.54081217e-14],
       [-3.79994422e+00, -5.03072643e+01, -1.05915277e-13],
       [-4.23520463e+00, -4.41694745e+01, -6.90558721e-14],
       [ 0.00000000e+00,  0.00000000e+00,  0.00000000e+00],
       [ 6.45660389e+00, -4.26453942e+01,  1.03028697e-13],
       [ 7.75367338e+00, -4.86603361e+01,  7.99360578e-14],
       [ 1.60000000e+00, -5.30534444e+01, -4.39648318e-14],
       [-3.62843316e+00, -5.01971383e+01, -1.02584607e-13],
       [-4.04986899e+00, -4.42542948e+01, -6.67244038e-14],
       [ 0.00000000e+00,  0.00000000e+00,  0.00000000e+00],
       [ 6.30235021e+00, -4.27786217e+01,  9.99200722e-14],
       [ 0.00000000e+00,  0.00000000e+00,  0.00000000e+00],
       [ 1.60000000e+00, -5.28618726e+01, -4.25215418e-14],
       [-3.46723108e+00, -5.00936317e+01, -9.93649607e-14],
       [-3.87567327e+00, -4.43340168e+01, -6.47260023e-14],
       [ 0.00000000e+00,  0.00000000e+00,  0.00000000e+00],
       [ 6.15736822e+00, -4.29038414e+01,  9.68114477e-14],
       [ 7.37451983e+00, -4.85481775e+01,  7.50510765e-14],
       [ 1.60000000e+00, -5.26814709e+01, -4.13002965e-14],
       [-3.31542829e+00, -4.99961602e+01, -9.65894031e-14],
       [-3.71163448e+00, -4.44090904e+01, -6.28386232e-14],
       [ 7.75651576e-01, -4.10569876e+01,  2.86437540e-14],
       [ 0.00000000e+00,  0.00000000e+00,  0.00000000e+00],
       [ 7.20152827e+00, -4.84970044e+01,  7.27196081e-14],
       [ 1.60000000e+00, -5.25112818e+01, -4.00790512e-14],
       [-3.17221910e+00, -4.99042066e+01, -9.35918010e-14],
       [-3.55688197e+00, -4.44799140e+01, -6.09512441e-14],
       [ 0.00000000e+00,  0.00000000e+00,  0.00000000e+00],
       [ 5.89204023e+00, -4.31330028e+01,  9.11493103e-14],
       [ 7.03832981e+00, -4.84487282e+01,  7.06101844e-14]]), 'ray_origin': array([[  1.6 , -46.84,   1.  ],
       [  1.6 , -46.84,   1.  ],
       [  1.6 , -46.84,   1.  ],
       [  1.6 , -46.84,   1.  ],
       [  1.6 , -46.84,   1.  ],
       [  1.6 , -46.84,   1.  ],
       [  1.6 , -46.84,   1.  ],
       [  1.6 , -46.84,   1.  ],
       [  1.6 , -46.84,   1.  ],
       [  1.6 , -46.84,   1.  ],
       [  1.6 , -46.84,   1.  ],
       [  1.6 , -46.84,   1.  ],
       [  1.6 , -46.84,   1.  ],
       [  1.6 , -46.84,   1.  ],
       [  1.6 , -46.84,   1.  ],
       [  1.6 , -46.84,   1.  ],
       [  1.6 , -46.84,   1.  ],
       [  1.6 , -46.84,   1.  ],
       [  1.6 , -46.84,   1.  ],
       [  1.6 , -46.84,   1.  ],
       [  1.6 , -46.84,   1.  ],
       [  1.6 , -46.84,   1.  ],
       [  1.6 , -46.84,   1.  ],
       [  1.6 , -46.84,   1.  ],
       [  1.6 , -46.84,   1.  ],
       [  1.6 , -46.84,   1.  ],
       [  1.6 , -46.84,   1.  ],
       [  1.6 , -46.84,   1.  ],
       [  1.6 , -46.84,   1.  ],
       [  1.6 , -46.84,   1.  ],
       [  1.6 , -46.84,   1.  ],
       [  1.6 , -46.84,   1.  ],
       [  1.6 , -46.84,   1.  ],
       [  1.6 , -46.84,   1.  ],
       [  1.6 , -46.84,   1.  ],
       [  1.6 , -46.84,   1.  ],
       [  1.6 , -46.84,   1.  ],
       [  1.6 , -46.84,   1.  ],
       [  1.6 , -46.84,   1.  ],
       [  1.6 , -46.84,   1.  ],
       [  1.6 , -46.84,   1.  ],
       [  1.6 , -46.84,   1.  ],
       [  1.6 , -46.84,   1.  ],
       [  1.6 , -46.84,   1.  ],
       [  1.6 , -46.84,   1.  ],
       [  1.6 , -46.84,   1.  ],
       [  1.6 , -46.84,   1.  ],
       [  1.6 , -46.84,   1.  ],
       [  1.6 , -46.84,   1.  ],
       [  1.6 , -46.84,   1.  ],
       [  1.6 , -46.84,   1.  ],
       [  1.6 , -46.84,   1.  ],
       [  1.6 , -46.84,   1.  ],
       [  1.6 , -46.84,   1.  ],
       [  1.6 , -46.84,   1.  ],
       [  1.6 , -46.84,   1.  ],
       [  1.6 , -46.84,   1.  ],
       [  1.6 , -46.84,   1.  ],
       [  1.6 , -46.84,   1.  ],
       [  1.6 , -46.84,   1.  ],
       [  1.6 , -46.84,   1.  ],
       [  1.6 , -46.84,   1.  ],
       [  1.6 , -46.84,   1.  ],
       [  1.6 , -46.84,   1.  ],
       [  1.6 , -46.84,   1.  ],
       [  1.6 , -46.84,   1.  ],
       [  1.6 , -46.84,   1.  ],
       [  1.6 , -46.84,   1.  ],
       [  1.6 , -46.84,   1.  ],
       [  1.6 , -46.84,   1.  ],
       [  1.6 , -46.84,   1.  ],
       [  1.6 , -46.84,   1.  ],
       [  1.6 , -46.84,   1.  ],
       [  1.6 , -46.84,   1.  ],
       [  1.6 , -46.84,   1.  ],
       [  1.6 , -46.84,   1.  ],
       [  1.6 , -46.84,   1.  ],
       [  1.6 , -46.84,   1.  ],
       [  1.6 , -46.84,   1.  ],
       [  1.6 , -46.84,   1.  ],
       [  1.6 , -46.84,   1.  ],
       [  1.6 , -46.84,   1.  ],
       [  1.6 , -46.84,   1.  ],
       [  1.6 , -46.84,   1.  ],
       [  1.6 , -46.84,   1.  ],
       [  1.6 , -46.84,   1.  ],
       [  1.6 , -46.84,   1.  ],
       [  1.6 , -46.84,   1.  ],
       [  1.6 , -46.84,   1.  ],
       [  1.6 , -46.84,   1.  ],
       [  1.6 , -46.84,   1.  ],
       [  1.6 , -46.84,   1.  ],
       [  1.6 , -46.84,   1.  ],
       [  1.6 , -46.84,   1.  ],
       [  1.6 , -46.84,   1.  ],
       [  1.6 , -46.84,   1.  ],
       [  1.6 , -46.84,   1.  ],
       [  1.6 , -46.84,   1.  ],
       [  1.6 , -46.84,   1.  ],
       [  1.6 , -46.84,   1.  ],
       [  1.6 , -46.84,   1.  ],
       [  1.6 , -46.84,   1.  ],
       [  1.6 , -46.84,   1.  ],
       [  1.6 , -46.84,   1.  ],
       [  1.6 , -46.84,   1.  ],
       [  1.6 , -46.84,   1.  ],
       [  1.6 , -46.84,   1.  ],
       [  1.6 , -46.84,   1.  ],
       [  1.6 , -46.84,   1.  ],
       [  1.6 , -46.84,   1.  ],
       [  1.6 , -46.84,   1.  ],
       [  1.6 , -46.84,   1.  ],
       [  1.6 , -46.84,   1.  ],
       [  1.6 , -46.84,   1.  ],
       [  1.6 , -46.84,   1.  ],
       [  1.6 , -46.84,   1.  ],
       [  1.6 , -46.84,   1.  ],
       [  1.6 , -46.84,   1.  ],
       [  1.6 , -46.84,   1.  ],
       [  1.6 , -46.84,   1.  ],
       [  1.6 , -46.84,   1.  ],
       [  1.6 , -46.84,   1.  ],
       [  1.6 , -46.84,   1.  ],
       [  1.6 , -46.84,   1.  ],
       [  1.6 , -46.84,   1.  ],
       [  1.6 , -46.84,   1.  ],
       [  1.6 , -46.84,   1.  ],
       [  1.6 , -46.84,   1.  ],
       [  1.6 , -46.84,   1.  ],
       [  1.6 , -46.84,   1.  ],
       [  1.6 , -46.84,   1.  ],
       [  1.6 , -46.84,   1.  ],
       [  1.6 , -46.84,   1.  ],
       [  1.6 , -46.84,   1.  ],
       [  1.6 , -46.84,   1.  ],
       [  1.6 , -46.84,   1.  ],
       [  1.6 , -46.84,   1.  ],
       [  1.6 , -46.84,   1.  ],
       [  1.6 , -46.84,   1.  ],
       [  1.6 , -46.84,   1.  ],
       [  1.6 , -46.84,   1.  ],
       [  1.6 , -46.84,   1.  ],
       [  1.6 , -46.84,   1.  ],
       [  1.6 , -46.84,   1.  ],
       [  1.6 , -46.84,   1.  ],
       [  1.6 , -46.84,   1.  ],
       [  1.6 , -46.84,   1.  ],
       [  1.6 , -46.84,   1.  ],
       [  1.6 , -46.84,   1.  ],
       [  1.6 , -46.84,   1.  ],
       [  1.6 , -46.84,   1.  ],
       [  1.6 , -46.84,   1.  ],
       [  1.6 , -46.84,   1.  ],
       [  1.6 , -46.84,   1.  ],
       [  1.6 , -46.84,   1.  ],
       [  1.6 , -46.84,   1.  ],
       [  1.6 , -46.84,   1.  ],
       [  1.6 , -46.84,   1.  ],
       [  1.6 , -46.84,   1.  ],
       [  1.6 , -46.84,   1.  ],
       [  1.6 , -46.84,   1.  ],
       [  1.6 , -46.84,   1.  ],
       [  1.6 , -46.84,   1.  ],
       [  1.6 , -46.84,   1.  ],
       [  1.6 , -46.84,   1.  ],
       [  1.6 , -46.84,   1.  ],
       [  1.6 , -46.84,   1.  ],
       [  1.6 , -46.84,   1.  ],
       [  1.6 , -46.84,   1.  ],
       [  1.6 , -46.84,   1.  ],
       [  1.6 , -46.84,   1.  ],
       [  1.6 , -46.84,   1.  ],
       [  1.6 , -46.84,   1.  ],
       [  1.6 , -46.84,   1.  ],
       [  1.6 , -46.84,   1.  ],
       [  1.6 , -46.84,   1.  ],
       [  1.6 , -46.84,   1.  ],
       [  1.6 , -46.84,   1.  ],
       [  1.6 , -46.84,   1.  ],
       [  1.6 , -46.84,   1.  ],
       [  1.6 , -46.84,   1.  ],
       [  1.6 , -46.84,   1.  ],
       [  1.6 , -46.84,   1.  ],
       [  1.6 , -46.84,   1.  ],
       [  1.6 , -46.84,   1.  ],
       [  1.6 , -46.84,   1.  ],
       [  1.6 , -46.84,   1.  ],
       [  1.6 , -46.84,   1.  ],
       [  1.6 , -46.84,   1.  ],
       [  1.6 , -46.84,   1.  ],
       [  1.6 , -46.84,   1.  ],
       [  1.6 , -46.84,   1.  ],
       [  1.6 , -46.84,   1.  ],
       [  1.6 , -46.84,   1.  ],
       [  1.6 , -46.84,   1.  ],
       [  1.6 , -46.84,   1.  ],
       [  1.6 , -46.84,   1.  ],
       [  1.6 , -46.84,   1.  ],
       [  1.6 , -46.84,   1.  ],
       [  1.6 , -46.84,   1.  ],
       [  1.6 , -46.84,   1.  ],
       [  1.6 , -46.84,   1.  ],
       [  1.6 , -46.84,   1.  ],
       [  1.6 , -46.84,   1.  ],
       [  1.6 , -46.84,   1.  ],
       [  1.6 , -46.84,   1.  ],
       [  1.6 , -46.84,   1.  ],
       [  1.6 , -46.84,   1.  ],
       [  1.6 , -46.84,   1.  ],
       [  1.6 , -46.84,   1.  ],
       [  1.6 , -46.84,   1.  ],
       [  1.6 , -46.84,   1.  ],
       [  1.6 , -46.84,   1.  ],
       [  1.6 , -46.84,   1.  ],
       [  1.6 , -46.84,   1.  ],
       [  1.6 , -46.84,   1.  ],
       [  1.6 , -46.84,   1.  ],
       [  1.6 , -46.84,   1.  ],
       [  1.6 , -46.84,   1.  ],
       [  1.6 , -46.84,   1.  ],
       [  1.6 , -46.84,   1.  ],
       [  1.6 , -46.84,   1.  ],
       [  1.6 , -46.84,   1.  ],
       [  1.6 , -46.84,   1.  ],
       [  1.6 , -46.84,   1.  ],
       [  1.6 , -46.84,   1.  ],
       [  1.6 , -46.84,   1.  ],
       [  1.6 , -46.84,   1.  ],
       [  1.6 , -46.84,   1.  ],
       [  1.6 , -46.84,   1.  ],
       [  1.6 , -46.84,   1.  ],
       [  1.6 , -46.84,   1.  ],
       [  1.6 , -46.84,   1.  ],
       [  1.6 , -46.84,   1.  ],
       [  1.6 , -46.84,   1.  ],
       [  1.6 , -46.84,   1.  ],
       [  1.6 , -46.84,   1.  ],
       [  1.6 , -46.84,   1.  ],
       [  1.6 , -46.84,   1.  ],
       [  1.6 , -46.84,   1.  ],
       [  1.6 , -46.84,   1.  ],
       [  1.6 , -46.84,   1.  ],
       [  1.6 , -46.84,   1.  ],
       [  1.6 , -46.84,   1.  ],
       [  1.6 , -46.84,   1.  ],
       [  1.6 , -46.84,   1.  ],
       [  1.6 , -46.84,   1.  ],
       [  1.6 , -46.84,   1.  ],
       [  1.6 , -46.84,   1.  ],
       [  1.6 , -46.84,   1.  ],
       [  1.6 , -46.84,   1.  ],
       [  1.6 , -46.84,   1.  ],
       [  1.6 , -46.84,   1.  ],
       [  1.6 , -46.84,   1.  ],
       [  1.6 , -46.84,   1.  ],
       [  1.6 , -46.84,   1.  ],
       [  1.6 , -46.84,   1.  ],
       [  1.6 , -46.84,   1.  ],
       [  1.6 , -46.84,   1.  ],
       [  1.6 , -46.84,   1.  ],
       [  1.6 , -46.84,   1.  ],
       [  1.6 , -46.84,   1.  ],
       [  1.6 , -46.84,   1.  ],
       [  1.6 , -46.84,   1.  ],
       [  1.6 , -46.84,   1.  ],
       [  1.6 , -46.84,   1.  ],
       [  1.6 , -46.84,   1.  ],
       [  1.6 , -46.84,   1.  ],
       [  1.6 , -46.84,   1.  ],
       [  1.6 , -46.84,   1.  ],
       [  1.6 , -46.84,   1.  ],
       [  1.6 , -46.84,   1.  ],
       [  1.6 , -46.84,   1.  ],
       [  1.6 , -46.84,   1.  ],
       [  1.6 , -46.84,   1.  ],
       [  1.6 , -46.84,   1.  ],
       [  1.6 , -46.84,   1.  ],
       [  1.6 , -46.84,   1.  ],
       [  1.6 , -46.84,   1.  ],
       [  1.6 , -46.84,   1.  ],
       [  1.6 , -46.84,   1.  ],
       [  1.6 , -46.84,   1.  ],
       [  1.6 , -46.84,   1.  ],
       [  1.6 , -46.84,   1.  ],
       [  1.6 , -46.84,   1.  ],
       [  1.6 , -46.84,   1.  ],
       [  1.6 , -46.84,   1.  ],
       [  1.6 , -46.84,   1.  ],
       [  1.6 , -46.84,   1.  ],
       [  1.6 , -46.84,   1.  ],
       [  1.6 , -46.84,   1.  ],
       [  1.6 , -46.84,   1.  ],
       [  1.6 , -46.84,   1.  ],
       [  1.6 , -46.84,   1.  ],
       [  1.6 , -46.84,   1.  ],
       [  1.6 , -46.84,   1.  ],
       [  1.6 , -46.84,   1.  ],
       [  1.6 , -46.84,   1.  ],
       [  1.6 , -46.84,   1.  ],
       [  1.6 , -46.84,   1.  ]]), 'ray_vector': array([[ 1.60000000e+00, -6.67912810e+01,  2.39512947e+00],
       [-1.51884241e+01, -5.76197231e+01,  2.39512947e+00],
       [-1.65416485e+01, -3.85373375e+01,  2.39512947e+00],
       [-1.21552494e+00, -2.70883815e+01,  2.39512947e+00],
       [ 1.66991792e+01, -3.37989724e+01,  2.39512947e+00],
       [ 2.07317677e+01, -5.24994240e+01,  2.39512947e+00],
       [ 1.60000000e+00, -6.67979899e+01,  2.29562239e+00],
       [-1.51940695e+01, -5.76233480e+01,  2.29562239e+00],
       [-1.65477489e+01, -3.85345456e+01,  2.29562239e+00],
       [-1.21647170e+00, -2.70817397e+01,  2.29562239e+00],
       [ 1.67042566e+01, -3.37945872e+01,  2.29562239e+00],
       [ 2.07382010e+01, -5.25013270e+01,  2.29562239e+00],
       [ 1.60000000e+00, -6.68042026e+01,  2.19608308e+00],
       [-1.51992972e+01, -5.76267047e+01,  2.19608308e+00],
       [-1.65533980e+01, -3.85319602e+01,  2.19608308e+00],
       [-1.21734843e+00, -2.70755892e+01,  2.19608308e+00],
       [ 1.67089583e+01, -3.37905263e+01,  2.19608308e+00],
       [ 2.07441585e+01, -5.25030893e+01,  2.19608308e+00],
       [ 1.60000000e+00, -6.68099188e+01,  2.09651403e+00],
       [-1.52041072e+01, -5.76297932e+01,  2.09651403e+00],
       [-1.65585958e+01, -3.85295815e+01,  2.09651403e+00],
       [-1.21815510e+00, -2.70699302e+01,  2.09651403e+00],
       [ 1.67132844e+01, -3.37867900e+01,  2.09651403e+00],
       [ 2.07496399e+01, -5.25047108e+01,  2.09651403e+00],
       [ 1.60000000e+00, -6.68151384e+01,  1.99691771e+00],
       [-1.52084994e+01, -5.76326134e+01,  1.99691771e+00],
       [-1.65633420e+01, -3.85274093e+01,  1.99691771e+00],
       [-1.21889170e+00, -2.70647628e+01,  1.99691771e+00],
       [ 1.67172346e+01, -3.37833782e+01,  1.99691771e+00],
       [ 2.07546451e+01, -5.25061914e+01,  1.99691771e+00],
       [ 1.60000000e+00, -6.68198613e+01,  1.89729661e+00],
       [-1.52124736e+01, -5.76351651e+01,  1.89729661e+00],
       [-1.65676365e+01, -3.85254439e+01,  1.89729661e+00],
       [-1.21955819e+00, -2.70600872e+01,  1.89729661e+00],
       [ 1.67208089e+01, -3.37802911e+01,  1.89729661e+00],
       [ 2.07591740e+01, -5.25075311e+01,  1.89729661e+00],
       [ 1.60000000e+00, -6.68240874e+01,  1.79765319e+00],
       [-1.52160297e+01, -5.76374485e+01,  1.79765319e+00],
       [-1.65714793e+01, -3.85236852e+01,  1.79765319e+00],
       [-1.22015458e+00, -2.70559034e+01,  1.79765319e+00],
       [ 1.67240072e+01, -3.37775287e+01,  1.79765319e+00],
       [ 2.07632265e+01, -5.25087299e+01,  1.79765319e+00],
       [ 1.60000000e+00, -6.68278165e+01,  1.69798993e+00],
       [-1.52191677e+01, -5.76394634e+01,  1.69798993e+00],
       [-1.65748701e+01, -3.85221334e+01,  1.69798993e+00],
       [-1.22068083e+00, -2.70522116e+01,  1.69798993e+00],
       [ 1.67268294e+01, -3.37750912e+01,  1.69798993e+00],
       [ 2.07668025e+01, -5.25097877e+01,  1.69798993e+00],
       [ 1.60000000e+00, -6.68310486e+01,  1.59830932e+00],
       [-1.52218874e+01, -5.76412097e+01,  1.59830932e+00],
       [-1.65778091e+01, -3.85207883e+01,  1.59830932e+00],
       [-1.22113695e+00, -2.70490118e+01,  1.59830932e+00],
       [ 1.67292755e+01, -3.37729786e+01,  1.59830932e+00],
       [ 2.07699018e+01, -5.25107045e+01,  1.59830932e+00],
       [ 1.60000000e+00, -6.68337836e+01,  1.49861383e+00],
       [-1.52241888e+01, -5.76426874e+01,  1.49861383e+00],
       [-1.65802960e+01, -3.85196502e+01,  1.49861383e+00],
       [-1.22152291e+00, -2.70463042e+01,  1.49861383e+00],
       [ 1.67313453e+01, -3.37711909e+01,  1.49861383e+00],
       [ 2.07725245e+01, -5.25114804e+01,  1.49861383e+00],
       [ 1.60000000e+00, -6.68360215e+01,  1.39890595e+00],
       [-1.52260719e+01, -5.76438965e+01,  1.39890595e+00],
       [-1.65823309e+01, -3.85187189e+01,  1.39890595e+00],
       [-1.22183871e+00, -2.70440888e+01,  1.39890595e+00],
       [ 1.67330389e+01, -3.37697281e+01,  1.39890595e+00],
       [ 2.07746704e+01, -5.25121151e+01,  1.39890595e+00],
       [ 1.60000000e+00, -6.68377620e+01,  1.29918814e+00],
       [-1.52275365e+01, -5.76448369e+01,  1.29918814e+00],
       [-1.65839136e+01, -3.85179946e+01,  1.29918814e+00],
       [-1.22208434e+00, -2.70423656e+01,  1.29918814e+00],
       [ 1.67343562e+01, -3.37685904e+01,  1.29918814e+00],
       [ 2.07763395e+01, -5.25126089e+01,  1.29918814e+00],
       [ 1.60000000e+00, -6.68390053e+01,  1.19946289e+00],
       [-1.52285827e+01, -5.76455087e+01,  1.19946289e+00],
       [-1.65850441e+01, -3.85174772e+01,  1.19946289e+00],
       [-1.22225979e+00, -2.70411348e+01,  1.19946289e+00],
       [ 1.67352971e+01, -3.37677777e+01,  1.19946289e+00],
       [ 2.07775317e+01, -5.25129616e+01,  1.19946289e+00],
       [ 1.60000000e+00, -6.68397513e+01,  1.09973269e+00],
       [-1.52292105e+01, -5.76459118e+01,  1.09973269e+00],
       [-1.65857224e+01, -3.85171668e+01,  1.09973269e+00],
       [-1.22236507e+00, -2.70403962e+01,  1.09973269e+00],
       [ 1.67358617e+01, -3.37672901e+01,  1.09973269e+00],
       [ 2.07782470e+01, -5.25131732e+01,  1.09973269e+00],
       [ 1.60000000e+00, -6.68400000e+01,  1.00000000e+00],
       [-1.52294197e+01, -5.76460461e+01,  1.00000000e+00],
       [-1.65859485e+01, -3.85170633e+01,  1.00000000e+00],
       [-1.22240016e+00, -2.70401501e+01,  1.00000000e+00],
       [ 1.67360499e+01, -3.37671276e+01,  1.00000000e+00],
       [ 2.07784855e+01, -5.25132437e+01,  1.00000000e+00],
       [ 1.60000000e+00, -6.68397513e+01,  9.00267313e-01],
       [-1.52292105e+01, -5.76459118e+01,  9.00267313e-01],
       [-1.65857224e+01, -3.85171668e+01,  9.00267313e-01],
       [-1.22236507e+00, -2.70403962e+01,  9.00267313e-01],
       [ 1.67358617e+01, -3.37672901e+01,  9.00267313e-01],
       [ 2.07782470e+01, -5.25131732e+01,  9.00267313e-01],
       [ 1.60000000e+00, -6.68390053e+01,  8.00537106e-01],
       [-1.52285827e+01, -5.76455087e+01,  8.00537106e-01],
       [-1.65850441e+01, -3.85174772e+01,  8.00537106e-01],
       [-1.22225979e+00, -2.70411348e+01,  8.00537106e-01],
       [ 1.67352971e+01, -3.37677777e+01,  8.00537106e-01],
       [ 2.07775317e+01, -5.25129616e+01,  8.00537106e-01],
       [ 1.60000000e+00, -6.68377620e+01,  7.00811860e-01],
       [-1.52275365e+01, -5.76448369e+01,  7.00811860e-01],
       [-1.65839136e+01, -3.85179946e+01,  7.00811860e-01],
       [-1.22208434e+00, -2.70423656e+01,  7.00811860e-01],
       [ 1.67343562e+01, -3.37685904e+01,  7.00811860e-01],
       [ 2.07763395e+01, -5.25126089e+01,  7.00811860e-01],
       [ 1.60000000e+00, -6.68360215e+01,  6.01094053e-01],
       [-1.52260719e+01, -5.76438965e+01,  6.01094053e-01],
       [-1.65823309e+01, -3.85187189e+01,  6.01094053e-01],
       [-1.22183871e+00, -2.70440888e+01,  6.01094053e-01],
       [ 1.67330389e+01, -3.37697281e+01,  6.01094053e-01],
       [ 2.07746704e+01, -5.25121151e+01,  6.01094053e-01],
       [ 1.60000000e+00, -6.68337836e+01,  5.01386165e-01],
       [-1.52241888e+01, -5.76426874e+01,  5.01386165e-01],
       [-1.65802960e+01, -3.85196502e+01,  5.01386165e-01],
       [-1.22152291e+00, -2.70463042e+01,  5.01386165e-01],
       [ 1.67313453e+01, -3.37711909e+01,  5.01386165e-01],
       [ 2.07725245e+01, -5.25114804e+01,  5.01386165e-01],
       [ 1.60000000e+00, -6.68310486e+01,  4.01690677e-01],
       [-1.52218874e+01, -5.76412097e+01,  4.01690677e-01],
       [-1.65778091e+01, -3.85207883e+01,  4.01690677e-01],
       [-1.22113695e+00, -2.70490118e+01,  4.01690677e-01],
       [ 1.67292755e+01, -3.37729786e+01,  4.01690677e-01],
       [ 2.07699018e+01, -5.25107045e+01,  4.01690677e-01],
       [ 1.60000000e+00, -6.68278165e+01,  3.02010066e-01],
       [-1.52191677e+01, -5.76394634e+01,  3.02010066e-01],
       [-1.65748701e+01, -3.85221334e+01,  3.02010066e-01],
       [-1.22068083e+00, -2.70522116e+01,  3.02010066e-01],
       [ 1.67268294e+01, -3.37750912e+01,  3.02010066e-01],
       [ 2.07668025e+01, -5.25097877e+01,  3.02010066e-01],
       [ 1.60000000e+00, -6.68240874e+01,  2.02346812e-01],
       [-1.52160297e+01, -5.76374485e+01,  2.02346812e-01],
       [-1.65714793e+01, -3.85236852e+01,  2.02346812e-01],
       [-1.22015458e+00, -2.70559034e+01,  2.02346812e-01],
       [ 1.67240072e+01, -3.37775287e+01,  2.02346812e-01],
       [ 2.07632265e+01, -5.25087299e+01,  2.02346812e-01],
       [ 1.60000000e+00, -6.68198613e+01,  1.02703393e-01],
       [-1.52124736e+01, -5.76351651e+01,  1.02703393e-01],
       [-1.65676365e+01, -3.85254439e+01,  1.02703393e-01],
       [-1.21955819e+00, -2.70600872e+01,  1.02703393e-01],
       [ 1.67208089e+01, -3.37802911e+01,  1.02703393e-01],
       [ 2.07591740e+01, -5.25075311e+01,  1.02703393e-01],
       [ 1.60000000e+00, -6.68151384e+01,  3.08228679e-03],
       [-1.52084994e+01, -5.76326134e+01,  3.08228679e-03],
       [-1.65633420e+01, -3.85274093e+01,  3.08228679e-03],
       [-1.21889170e+00, -2.70647628e+01,  3.08228679e-03],
       [ 1.67172346e+01, -3.37833782e+01,  3.08228679e-03],
       [ 2.07546451e+01, -5.25061914e+01,  3.08228679e-03],
       [ 1.60000000e+00, -6.68099188e+01, -9.65140294e-02],
       [-1.52041072e+01, -5.76297932e+01, -9.65140294e-02],
       [-1.65585958e+01, -3.85295815e+01, -9.65140294e-02],
       [-1.21815510e+00, -2.70699302e+01, -9.65140294e-02],
       [ 1.67132844e+01, -3.37867900e+01, -9.65140294e-02],
       [ 2.07496399e+01, -5.25047108e+01, -9.65140294e-02],
       [ 1.60000000e+00, -6.68042026e+01, -1.96083079e-01],
       [-1.51992972e+01, -5.76267047e+01, -1.96083079e-01],
       [-1.65533980e+01, -3.85319602e+01, -1.96083079e-01],
       [-1.21734843e+00, -2.70755892e+01, -1.96083079e-01],
       [ 1.67089583e+01, -3.37905263e+01, -1.96083079e-01],
       [ 2.07441585e+01, -5.25030893e+01, -1.96083079e-01],
       [ 1.60000000e+00, -6.67979899e+01, -2.95622386e-01],
       [-1.51940695e+01, -5.76233480e+01, -2.95622386e-01],
       [-1.65477489e+01, -3.85345456e+01, -2.95622386e-01],
       [-1.21647170e+00, -2.70817397e+01, -2.95622386e-01],
       [ 1.67042566e+01, -3.37945872e+01, -2.95622386e-01],
       [ 2.07382010e+01, -5.25013270e+01, -2.95622386e-01],
       [ 1.60000000e+00, -6.67912810e+01, -3.95129475e-01],
       [-1.51884241e+01, -5.76197231e+01, -3.95129475e-01],
       [-1.65416485e+01, -3.85373375e+01, -3.95129475e-01],
       [-1.21552494e+00, -2.70883815e+01, -3.95129475e-01],
       [ 1.66991792e+01, -3.37989724e+01, -3.95129475e-01],
       [ 2.07317677e+01, -5.24994240e+01, -3.95129475e-01],
       [ 1.60000000e+00, -6.67840759e+01, -4.94601872e-01],
       [-1.51823612e+01, -5.76158302e+01, -4.94601872e-01],
       [-1.65350969e+01, -3.85403359e+01, -4.94601872e-01],
       [-1.21450816e+00, -2.70955145e+01, -4.94601872e-01],
       [ 1.66937264e+01, -3.38036820e+01, -4.94601872e-01],
       [ 2.07248586e+01, -5.24973802e+01, -4.94601872e-01],
       [ 1.60000000e+00, -6.67763749e+01, -5.94037103e-01],
       [-1.51758811e+01, -5.76116694e+01, -5.94037103e-01],
       [-1.65280944e+01, -3.85435406e+01, -5.94037103e-01],
       [-1.21342139e+00, -2.71031384e+01, -5.94037103e-01],
       [ 1.66878983e+01, -3.38087157e+01, -5.94037103e-01],
       [ 2.07174739e+01, -5.24951957e+01, -5.94037103e-01],
       [ 1.60000000e+00, -6.67681782e+01, -6.93432695e-01],
       [-1.51689837e+01, -5.76072406e+01, -6.93432695e-01],
       [-1.65206411e+01, -3.85469517e+01, -6.93432695e-01],
       [-1.21226467e+00, -2.71112531e+01, -6.93432695e-01],
       [ 1.66816950e+01, -3.38140735e+01, -6.93432695e-01],
       [ 2.07096138e+01, -5.24928706e+01, -6.93432695e-01],
       [ 1.60000000e+00, -6.67594859e+01, -7.92786178e-01],
       [-1.51616694e+01, -5.76025442e+01, -7.92786178e-01],
       [-1.65127373e+01, -3.85505690e+01, -7.92786178e-01],
       [-1.21103801e+00, -2.71198584e+01, -7.92786178e-01],
       [ 1.66751166e+01, -3.38197551e+01, -7.92786178e-01],
       [ 2.07012785e+01, -5.24904049e+01, -7.92786178e-01],
       [ 1.60000000e+00, -6.67502982e+01, -8.92095080e-01],
       [-1.51539383e+01, -5.75975801e+01, -8.92095080e-01],
       [-1.65043830e+01, -3.85543924e+01, -8.92095080e-01],
       [-1.20974145e+00, -2.71289541e+01, -8.92095080e-01],
       [ 1.66681634e+01, -3.38257606e+01, -8.92095080e-01],
       [ 2.06924683e+01, -5.24877987e+01, -8.92095080e-01],
       [ 1.60000000e+00, -6.67406155e+01, -9.91356932e-01],
       [-1.51457905e+01, -5.75923484e+01, -9.91356932e-01],
       [-1.64955785e+01, -3.85584218e+01, -9.91356932e-01],
       [-1.20837502e+00, -2.71385400e+01, -9.91356932e-01],
       [ 1.66608355e+01, -3.38320896e+01, -9.91356932e-01],
       [ 2.06831833e+01, -5.24850521e+01, -9.91356932e-01],
       [ 1.60000000e+00, -6.67304379e+01, -1.09056927e+00],
       [-1.51372264e+01, -5.75868495e+01, -1.09056927e+00],
       [-1.64863240e+01, -3.85626572e+01, -1.09056927e+00],
       [-1.20693876e+00, -2.71486157e+01, -1.09056927e+00],
       [ 1.66531330e+01, -3.38387421e+01, -1.09056927e+00],
       [ 2.06734237e+01, -5.24821651e+01, -1.09056927e+00],
       [ 1.60000000e+00, -6.67197657e+01, -1.18972961e+00],
       [-1.51282460e+01, -5.75810832e+01, -1.18972961e+00],
       [-1.64766198e+01, -3.85670984e+01, -1.18972961e+00],
       [-1.20543270e+00, -2.71591811e+01, -1.18972961e+00],
       [ 1.66450563e+01, -3.38457180e+01, -1.18972961e+00],
       [ 2.06631899e+01, -5.24791378e+01, -1.18972961e+00],
       [ 1.60000000e+00, -6.67085991e+01, -1.28883551e+00],
       [-1.51188497e+01, -5.75750499e+01, -1.28883551e+00],
       [-1.64664661e+01, -3.85717453e+01, -1.28883551e+00],
       [-1.20385687e+00, -2.71702359e+01, -1.28883551e+00],
       [ 1.66366054e+01, -3.38530169e+01, -1.28883551e+00],
       [ 2.06524820e+01, -5.24759703e+01, -1.28883551e+00],
       [ 1.60000000e+00, -6.66969385e+01, -1.38788449e+00],
       [-1.51090376e+01, -5.75687497e+01, -1.38788449e+00],
       [-1.64558631e+01, -3.85765978e+01, -1.38788449e+00],
       [-1.20221132e+00, -2.71817799e+01, -1.38788449e+00],
       [ 1.66277806e+01, -3.38606388e+01, -1.38788449e+00],
       [ 2.06413004e+01, -5.24726626e+01, -1.38788449e+00],
       [ 1.60000000e+00, -6.66847841e+01, -1.48687409e+00],
       [-1.50988100e+01, -5.75621826e+01, -1.48687409e+00],
       [-1.64448111e+01, -3.85816559e+01, -1.48687409e+00],
       [-1.20049610e+00, -2.71938126e+01, -1.48687409e+00],
       [ 1.66185821e+01, -3.38685834e+01, -1.48687409e+00],
       [ 2.06296452e+01, -5.24692148e+01, -1.48687409e+00],
       [ 1.60000000e+00, -6.66721363e+01, -1.58580185e+00],
       [-1.50881672e+01, -5.75553490e+01, -1.58580185e+00],
       [-1.64333105e+01, -3.85869192e+01, -1.58580185e+00],
       [-1.19871123e+00, -2.72063339e+01, -1.58580185e+00],
       [ 1.66090102e+01, -3.38768506e+01, -1.58580185e+00],
       [ 2.06175169e+01, -5.24656271e+01, -1.58580185e+00],
       [ 1.60000000e+00, -6.66589952e+01, -1.68466532e+00],
       [-1.50771094e+01, -5.75482488e+01, -1.68466532e+00],
       [-1.64213614e+01, -3.85923878e+01, -1.68466532e+00],
       [-1.19685677e+00, -2.72193434e+01, -1.68466532e+00],
       [ 1.65990650e+01, -3.38854402e+01, -1.68466532e+00],
       [ 2.06049156e+01, -5.24618995e+01, -1.68466532e+00],
       [ 1.60000000e+00, -6.66453614e+01, -1.78346202e+00],
       [-1.50656369e+01, -5.75408824e+01, -1.78346202e+00],
       [-1.64089641e+01, -3.85980615e+01, -1.78346202e+00],
       [-1.19493276e+00, -2.72328408e+01, -1.78346202e+00],
       [ 1.65887469e+01, -3.38943519e+01, -1.78346202e+00],
       [ 2.05918418e+01, -5.24580321e+01, -1.78346202e+00],
       [ 1.60000000e+00, -6.66312350e+01, -1.88218951e+00],
       [-1.50537500e+01, -5.75332499e+01, -1.88218951e+00],
       [-1.63961191e+01, -3.86039402e+01, -1.88218951e+00],
       [-1.19293925e+00, -2.72468258e+01, -1.88218951e+00],
       [ 1.65780560e+01, -3.39035855e+01, -1.88218951e+00],
       [ 2.05782957e+01, -5.24540250e+01, -1.88218951e+00],
       [ 1.60000000e+00, -6.66166165e+01, -1.98084532e+00],
       [-1.50414490e+01, -5.75253515e+01, -1.98084532e+00],
       [-1.63828265e+01, -3.86100236e+01, -1.98084532e+00],
       [-1.19087628e+00, -2.72612980e+01, -1.98084532e+00],
       [ 1.65669927e+01, -3.39131408e+01, -1.98084532e+00],
       [ 2.05642777e+01, -5.24498783e+01, -1.98084532e+00],
       [ 1.60000000e+00, -6.66015062e+01, -2.07942702e+00],
       [-1.50287341e+01, -5.75171874e+01, -2.07942702e+00],
       [-1.63690868e+01, -3.86163117e+01, -2.07942702e+00],
       [-1.18874392e+00, -2.72762571e+01, -2.07942702e+00],
       [ 1.65555572e+01, -3.39230175e+01, -2.07942702e+00],
       [ 2.05497880e+01, -5.24455921e+01, -2.07942702e+00],
       [ 1.60000000e+00, -6.65859046e+01, -2.17793213e+00],
       [-1.50156058e+01, -5.75087578e+01, -2.17793213e+00],
       [-1.63549002e+01, -3.86228043e+01, -2.17793213e+00],
       [-1.18654221e+00, -2.72917026e+01, -2.17793213e+00],
       [ 1.65437499e+01, -3.39332154e+01, -2.17793213e+00],
       [ 2.05348272e+01, -5.24411664e+01, -2.17793213e+00],
       [ 1.60000000e+00, -6.65698119e+01, -2.27635823e+00],
       [-1.50020642e+01, -5.75000629e+01, -2.27635823e+00],
       [-1.63402672e+01, -3.86295012e+01, -2.27635823e+00],
       [-1.18427121e+00, -2.73076343e+01, -2.27635823e+00],
       [ 1.65315709e+01, -3.39437343e+01, -2.27635823e+00],
       [ 2.05193955e+01, -5.24366016e+01, -2.27635823e+00],
       [ 1.60000000e+00, -6.65532286e+01, -2.37470285e+00],
       [-1.49881099e+01, -5.74911029e+01, -2.37470285e+00],
       [-1.63251880e+01, -3.86364023e+01, -2.37470285e+00],
       [-1.18193097e+00, -2.73240516e+01, -2.37470285e+00],
       [ 1.65190206e+01, -3.39545739e+01, -2.37470285e+00],
       [ 2.05034934e+01, -5.24318975e+01, -2.37470285e+00],
       [ 1.60000000e+00, -6.65361551e+01, -2.47296355e+00],
       [-1.49737430e+01, -5.74818780e+01, -2.47296355e+00],
       [-1.63096631e+01, -3.86435074e+01, -2.47296355e+00],
       [-1.17952156e+00, -2.73409543e+01, -2.47296355e+00],
       [ 1.65060993e+01, -3.39657339e+01, -2.47296355e+00],
       [ 2.04871212e+01, -5.24270544e+01, -2.47296355e+00]])}
