RLidar: {'hit': array([0, 0, 0, 0, 0, 0, 0, 0, 0, 0, 0, 0, 0, 0, 0, 0, 0, 0, 0, 0, 0, 0,
       0, 0, 0, 0, 0, 0, 0, 0, 0, 0, 0, 0, 0, 0, 0, 0, 0, 0, 0, 0, 0, 0,
       0, 0, 0, 0, 0, 0, 0, 0, 0, 0, 0, 0, 0, 0, 0, 0, 0, 0, 0, 0, 0, 0,
       0, 0, 0, 0, 0, 0, 0, 0, 0, 0, 0, 0, 0, 0, 0, 0, 0, 0, 0, 0, 0, 0,
       0, 0, 0, 0, 0, 0, 0, 0, 0, 0, 0, 0, 0, 0, 0, 0, 0, 0, 0, 0, 0, 0,
       0, 0, 0, 0, 0, 0, 0, 0, 0, 0, 0, 0, 0, 0, 0, 0, 0, 0, 0, 0, 0, 0,
       0, 0, 0, 0, 0, 0, 0, 0, 0, 0, 0, 0, 0, 0, 0, 0, 0, 0, 1, 1, 1, 1,
       0, 1, 1, 1, 1, 1, 1, 1, 1, 1, 1, 1, 0, 0, 1, 1, 1, 1, 1, 1, 1, 1,
       1, 1, 0, 0, 1, 1, 1, 1, 1, 1, 1, 1, 1, 1, 1, 1, 1, 1, 1, 1, 1, 0,
       1, 1, 1, 1, 0, 0, 1, 1, 1, 1, 1, 0, 1, 1, 1, 1, 1, 0, 1, 1, 1, 1,
       1, 0, 1, 1, 1, 1, 0, 0, 1, 1, 1, 1, 1, 1, 1, 1, 1, 1, 1, 0, 1, 1,
       1, 1, 1, 1, 1, 1, 1, 1, 1, 0, 1, 1, 1, 1, 0, 1, 1, 1, 1, 1, 0, 0,
       1, 1, 1, 1, 1, 1, 1, 1, 1, 1, 0, 1, 1, 1, 1, 1, 1, 0, 1, 1, 1, 1,
       0, 1, 1, 1, 1, 1, 0, 0, 1, 1, 1, 1, 0, 1], dtype=int8), 'point_cloud': array([[ 0.00000000e+00,  0.00000000e+00,  0.00000000e+00],
       [ 0.00000000e+00,  0.00000000e+00,  0.00000000e+00],
       [ 0.00000000e+00,  0.00000000e+00,  0.00000000e+00],
       [ 0.00000000e+00,  0.00000000e+00,  0.00000000e+00],
       [ 0.00000000e+00,  0.00000000e+00,  0.00000000e+00],
       [ 0.00000000e+00,  0.00000000e+00,  0.00000000e+00],
       [ 0.00000000e+00,  0.00000000e+00,  0.00000000e+00],
       [ 0.00000000e+00,  0.00000000e+00,  0.00000000e+00],
       [ 0.00000000e+00,  0.00000000e+00,  0.00000000e+00],
       [ 0.00000000e+00,  0.00000000e+00,  0.00000000e+00],
       [ 0.00000000e+00,  0.00000000e+00,  0.00000000e+00],
       [ 0.00000000e+00,  0.00000000e+00,  0.00000000e+00],
       [ 0.00000000e+00,  0.00000000e+00,  0.00000000e+00],
       [ 0.00000000e+00,  0.00000000e+00,  0.00000000e+00],
       [ 0.00000000e+00,  0.00000000e+00,  0.00000000e+00],
       [ 0.00000000e+00,  0.00000000e+00,  0.00000000e+00],
       [ 0.00000000e+00,  0.00000000e+00,  0.00000000e+00],
       [ 0.00000000e+00,  0.00000000e+00,  0.00000000e+00],
       [ 0.00000000e+00,  0.00000000e+00,  0.00000000e+00],
       [ 0.00000000e+00,  0.00000000e+00,  0.00000000e+00],
       [ 0.00000000e+00,  0.00000000e+00,  0.00000000e+00],
       [ 0.00000000e+00,  0.00000000e+00,  0.00000000e+00],
       [ 0.00000000e+00,  0.00000000e+00,  0.00000000e+00],
       [ 0.00000000e+00,  0.00000000e+00,  0.00000000e+00],
       [ 0.00000000e+00,  0.00000000e+00,  0.00000000e+00],
       [ 0.00000000e+00,  0.00000000e+00,  0.00000000e+00],
       [ 0.00000000e+00,  0.00000000e+00,  0.00000000e+00],
       [ 0.00000000e+00,  0.00000000e+00,  0.00000000e+00],
       [ 0.00000000e+00,  0.00000000e+00,  0.00000000e+00],
       [ 0.00000000e+00,  0.00000000e+00,  0.00000000e+00],
       [ 0.00000000e+00,  0.00000000e+00,  0.00000000e+00],
       [ 0.00000000e+00,  0.00000000e+00,  0.00000000e+00],
       [ 0.00000000e+00,  0.00000000e+00,  0.00000000e+00],
       [ 0.00000000e+00,  0.00000000e+00,  0.00000000e+00],
       [ 0.00000000e+00,  0.00000000e+00,  0.00000000e+00],
       [ 0.00000000e+00,  0.00000000e+00,  0.00000000e+00],
       [ 0.00000000e+00,  0.00000000e+00,  0.00000000e+00],
       [ 0.00000000e+00,  0.00000000e+00,  0.00000000e+00],
       [ 0.00000000e+00,  0.00000000e+00,  0.00000000e+00],
       [ 0.00000000e+00,  0.00000000e+00,  0.00000000e+00],
       [ 0.00000000e+00,  0.00000000e+00,  0.00000000e+00],
       [ 0.00000000e+00,  0.00000000e+00,  0.00000000e+00],
       [ 0.00000000e+00,  0.00000000e+00,  0.00000000e+00],
       [ 0.00000000e+00,  0.00000000e+00,  0.00000000e+00],
       [ 0.00000000e+00,  0.00000000e+00,  0.00000000e+00],
       [ 0.00000000e+00,  0.00000000e+00,  0.00000000e+00],
       [ 0.00000000e+00,  0.00000000e+00,  0.00000000e+00],
       [ 0.00000000e+00,  0.00000000e+00,  0.00000000e+00],
       [ 0.00000000e+00,  0.00000000e+00,  0.00000000e+00],
       [ 0.00000000e+00,  0.00000000e+00,  0.00000000e+00],
       [ 0.00000000e+00,  0.00000000e+00,  0.00000000e+00],
       [ 0.00000000e+00,  0.00000000e+00,  0.00000000e+00],
       [ 0.00000000e+00,  0.00000000e+00,  0.00000000e+00],
       [ 0.00000000e+00,  0.00000000e+00,  0.00000000e+00],
       [ 0.00000000e+00,  0.00000000e+00,  0.00000000e+00],
       [ 0.00000000e+00,  0.00000000e+00,  0.00000000e+00],
       [ 0.00000000e+00,  0.00000000e+00,  0.00000000e+00],
       [ 0.00000000e+00,  0.00000000e+00,  0.00000000e+00],
       [ 0.00000000e+00,  0.00000000e+00,  0.00000000e+00],
       [ 0.00000000e+00,  0.00000000e+00,  0.00000000e+00],
       [ 0.00000000e+00,  0.00000000e+00,  0.00000000e+00],
       [ 0.00000000e+00,  0.00000000e+00,  0.00000000e+00],
       [ 0.00000000e+00,  0.00000000e+00,  0.00000000e+00],
       [ 0.00000000e+00,  0.00000000e+00,  0.00000000e+00],
       [ 0.00000000e+00,  0.00000000e+00,  0.00000000e+00],
       [ 0.00000000e+00,  0.00000000e+00,  0.00000000e+00],
       [ 0.00000000e+00,  0.00000000e+00,  0.00000000e+00],
       [ 0.00000000e+00,  0.00000000e+00,  0.00000000e+00],
       [ 0.00000000e+00,  0.00000000e+00,  0.00000000e+00],
       [ 0.00000000e+00,  0.00000000e+00,  0.00000000e+00],
       [ 0.00000000e+00,  0.00000000e+00,  0.00000000e+00],
       [ 0.00000000e+00,  0.00000000e+00,  0.00000000e+00],
       [ 0.00000000e+00,  0.00000000e+00,  0.00000000e+00],
       [ 0.00000000e+00,  0.00000000e+00,  0.00000000e+00],
       [ 0.00000000e+00,  0.00000000e+00,  0.00000000e+00],
       [ 0.00000000e+00,  0.00000000e+00,  0.00000000e+00],
       [ 0.00000000e+00,  0.00000000e+00,  0.00000000e+00],
       [ 0.00000000e+00,  0.00000000e+00,  0.00000000e+00],
       [ 0.00000000e+00,  0.00000000e+00,  0.00000000e+00],
       [ 0.00000000e+00,  0.00000000e+00,  0.00000000e+00],
       [ 0.00000000e+00,  0.00000000e+00,  0.00000000e+00],
       [ 0.00000000e+00,  0.00000000e+00,  0.00000000e+00],
       [ 0.00000000e+00,  0.00000000e+00,  0.00000000e+00],
       [ 0.00000000e+00,  0.00000000e+00,  0.00000000e+00],
       [ 0.00000000e+00,  0.00000000e+00,  0.00000000e+00],
       [ 0.00000000e+00,  0.00000000e+00,  0.00000000e+00],
       [ 0.00000000e+00,  0.00000000e+00,  0.00000000e+00],
       [ 0.00000000e+00,  0.00000000e+00,  0.00000000e+00],
       [ 0.00000000e+00,  0.00000000e+00,  0.00000000e+00],
       [ 0.00000000e+00,  0.00000000e+00,  0.00000000e+00],
       [ 0.00000000e+00,  0.00000000e+00,  0.00000000e+00],
       [ 0.00000000e+00,  0.00000000e+00,  0.00000000e+00],
       [ 0.00000000e+00,  0.00000000e+00,  0.00000000e+00],
       [ 0.00000000e+00,  0.00000000e+00,  0.00000000e+00],
       [ 0.00000000e+00,  0.00000000e+00,  0.00000000e+00],
       [ 0.00000000e+00,  0.00000000e+00,  0.00000000e+00],
       [ 0.00000000e+00,  0.00000000e+00,  0.00000000e+00],
       [ 0.00000000e+00,  0.00000000e+00,  0.00000000e+00],
       [ 0.00000000e+00,  0.00000000e+00,  0.00000000e+00],
       [ 0.00000000e+00,  0.00000000e+00,  0.00000000e+00],
       [ 0.00000000e+00,  0.00000000e+00,  0.00000000e+00],
       [ 0.00000000e+00,  0.00000000e+00,  0.00000000e+00],
       [ 0.00000000e+00,  0.00000000e+00,  0.00000000e+00],
       [ 0.00000000e+00,  0.00000000e+00,  0.00000000e+00],
       [ 0.00000000e+00,  0.00000000e+00,  0.00000000e+00],
       [ 0.00000000e+00,  0.00000000e+00,  0.00000000e+00],
       [ 0.00000000e+00,  0.00000000e+00,  0.00000000e+00],
       [ 0.00000000e+00,  0.00000000e+00,  0.00000000e+00],
       [ 0.00000000e+00,  0.00000000e+00,  0.00000000e+00],
       [ 0.00000000e+00,  0.00000000e+00,  0.00000000e+00],
       [ 0.00000000e+00,  0.00000000e+00,  0.00000000e+00],
       [ 0.00000000e+00,  0.00000000e+00,  0.00000000e+00],
       [ 0.00000000e+00,  0.00000000e+00,  0.00000000e+00],
       [ 0.00000000e+00,  0.00000000e+00,  0.00000000e+00],
       [ 0.00000000e+00,  0.00000000e+00,  0.00000000e+00],
       [ 0.00000000e+00,  0.00000000e+00,  0.00000000e+00],
       [ 0.00000000e+00,  0.00000000e+00,  0.00000000e+00],
       [ 0.00000000e+00,  0.00000000e+00,  0.00000000e+00],
       [ 0.00000000e+00,  0.00000000e+00,  0.00000000e+00],
       [ 0.00000000e+00,  0.00000000e+00,  0.00000000e+00],
       [ 0.00000000e+00,  0.00000000e+00,  0.00000000e+00],
       [ 0.00000000e+00,  0.00000000e+00,  0.00000000e+00],
       [ 0.00000000e+00,  0.00000000e+00,  0.00000000e+00],
       [ 0.00000000e+00,  0.00000000e+00,  0.00000000e+00],
       [ 0.00000000e+00,  0.00000000e+00,  0.00000000e+00],
       [ 0.00000000e+00,  0.00000000e+00,  0.00000000e+00],
       [ 0.00000000e+00,  0.00000000e+00,  0.00000000e+00],
       [ 0.00000000e+00,  0.00000000e+00,  0.00000000e+00],
       [ 0.00000000e+00,  0.00000000e+00,  0.00000000e+00],
       [ 0.00000000e+00,  0.00000000e+00,  0.00000000e+00],
       [ 0.00000000e+00,  0.00000000e+00,  0.00000000e+00],
       [ 0.00000000e+00,  0.00000000e+00,  0.00000000e+00],
       [ 0.00000000e+00,  0.00000000e+00,  0.00000000e+00],
       [ 0.00000000e+00,  0.00000000e+00,  0.00000000e+00],
       [ 0.00000000e+00,  0.00000000e+00,  0.00000000e+00],
       [ 0.00000000e+00,  0.00000000e+00,  0.00000000e+00],
       [ 0.00000000e+00,  0.00000000e+00,  0.00000000e+00],
       [ 0.00000000e+00,  0.00000000e+00,  0.00000000e+00],
       [ 0.00000000e+00,  0.00000000e+00,  0.00000000e+00],
       [ 0.00000000e+00,  0.00000000e+00,  0.00000000e+00],
       [ 0.00000000e+00,  0.00000000e+00,  0.00000000e+00],
       [ 0.00000000e+00,  0.00000000e+00,  0.00000000e+00],
       [ 0.00000000e+00,  0.00000000e+00,  0.00000000e+00],
       [ 0.00000000e+00,  0.00000000e+00,  0.00000000e+00],
       [ 0.00000000e+00,  0.00000000e+00,  0.00000000e+00],
       [ 0.00000000e+00,  0.00000000e+00,  0.00000000e+00],
       [ 0.00000000e+00,  0.00000000e+00,  0.00000000e+00],
       [ 0.00000000e+00,  0.00000000e+00,  0.00000000e+00],
       [ 0.00000000e+00,  0.00000000e+00,  0.00000000e+00],
       [ 0.00000000e+00,  0.00000000e+00,  0.00000000e+00],
       [ 1.50400000e+01, -1.34121872e+01, -2.42306175e-14],
       [-2.85027123e-01, -5.04008675e+00, -2.30523933e-13],
       [-1.52029498e+00,  1.23789441e+01, -2.24806285e-13],
       [ 1.24698960e+01,  2.28299287e+01, -1.24206201e-14],
       [ 0.00000000e+00,  0.00000000e+00,  0.00000000e+00],
       [ 3.25041084e+01, -3.66108831e-01,  2.41084930e-13],
       [ 1.50400000e+01, -1.18913176e+01, -2.22044605e-14],
       [ 9.94740507e-01, -4.21835741e+00, -2.11275442e-13],
       [-1.37372182e-01,  1.17460390e+01, -2.06140660e-13],
       [ 1.26845211e+01,  2.13242792e+01, -1.14630527e-14],
       [ 2.76720308e+01,  1.57101733e+01,  1.93928207e-13],
       [ 3.10457097e+01,  6.53043596e-02,  2.21017649e-13],
       [ 1.50400000e+01, -1.06041719e+01, -2.04836148e-14],
       [ 2.07783630e+00, -3.52290960e+00, -1.94955163e-13],
       [ 1.03302613e+00,  1.12103974e+01, -1.90347738e-13],
       [ 1.28661631e+01,  2.00500146e+01, -1.04638520e-14],
       [ 0.00000000e+00,  0.00000000e+00,  0.00000000e+00],
       [ 0.00000000e+00,  0.00000000e+00,  0.00000000e+00],
       [ 1.50400000e+01, -9.50066626e+00, -1.89293026e-14],
       [ 3.00640428e+00, -2.92668295e+00, -1.81077375e-13],
       [ 2.03644097e+00,  1.07511770e+01, -1.76580972e-13],
       [ 1.30218899e+01,  1.89575523e+01, -9.76996262e-15],
       [ 2.58627799e+01,  1.41475393e+01,  1.66366920e-13],
       [ 2.87532560e+01,  7.43441756e-01,  1.89404048e-13],
       [ 1.50400000e+01, -8.54407264e+00, -1.77080572e-14],
       [ 3.81135005e+00, -2.40983322e+00, -1.68864922e-13],
       [ 2.90626909e+00,  1.03530936e+01, -1.64757097e-13],
       [ 1.31568844e+01,  1.80105318e+01, -9.10382880e-15],
       [ 0.00000000e+00,  0.00000000e+00,  0.00000000e+00],
       [ 0.00000000e+00,  0.00000000e+00,  0.00000000e+00],
       [ 1.50400000e+01, -7.70684498e+00, -1.64868119e-14],
       [ 4.51585284e+00, -1.95747718e+00, -1.58206781e-13],
       [ 3.66755804e+00,  1.00046840e+01, -1.54432023e-13],
       [ 1.32750339e+01,  1.71816827e+01, -8.49320614e-15],
       [ 2.45052115e+01,  1.29750194e+01,  1.45494727e-13],
       [ 2.70331173e+01,  1.25228102e+00,  1.65645275e-13],
       [ 1.50400000e+01, -6.96791864e+00, -1.54876112e-14],
       [ 5.13763791e+00, -1.55823358e+00, -1.48991930e-13],
       [ 4.33946186e+00,  9.69718212e+00, -1.45217172e-13],
       [ 1.33793112e+01,  1.64501512e+01, -8.04911693e-15],
       [ 2.39459902e+01,  1.24920250e+01,  1.36723965e-13],
       [ 2.63245428e+01,  1.46188648e+00,  1.55986335e-13],
       [ 1.50400000e+01, -6.31091000e+00, -1.45994328e-14],
       [ 5.69049162e+00, -1.20325030e+00, -1.40498724e-13],
       [ 4.93687812e+00,  9.42377005e+00, -1.37112544e-13],
       [ 1.34720283e+01,  1.57997175e+01, -7.54951657e-15],
       [ 2.34487644e+01,  1.20625754e+01,  1.29174449e-13],
       [ 0.00000000e+00,  0.00000000e+00,  0.00000000e+00],
       [ 1.50400000e+01, -5.72288463e+00, -1.38777878e-14],
       [ 6.18529790e+00, -8.85538832e-01, -1.33282274e-13],
       [ 5.47156808e+00,  9.17906515e+00, -1.29951605e-13],
       [ 1.35550104e+01,  1.52175768e+01, -7.04991621e-15],
       [ 0.00000000e+00,  0.00000000e+00,  0.00000000e+00],
       [ 0.00000000e+00,  0.00000000e+00,  0.00000000e+00],
       [ 1.50400000e+01, -5.19349498e+00, -1.31561428e-14],
       [ 6.63076394e+00, -5.99508383e-01, -1.26343380e-13],
       [ 5.95294073e+00,  8.95876132e+00, -1.23345778e-13],
       [ 1.36297179e+01,  1.46934850e+01, -6.77236045e-15],
       [ 2.26031019e+01,  1.13321842e+01,  1.16184840e-13],
       [ 0.00000000e+00,  0.00000000e+00,  0.00000000e+00],
       [ 1.50400000e+01, -4.71436445e+00, -1.26565425e-14],
       [ 7.03393837e+00, -3.40633053e-01, -1.20348176e-13],
       [ 6.38861288e+00,  8.75937267e+00, -1.17461596e-13],
       [ 1.36973328e+01,  1.42191494e+01, -6.43929354e-15],
       [ 2.22404948e+01,  1.10190036e+01,  1.10578213e-13],
       [ 0.00000000e+00,  0.00000000e+00,  0.00000000e+00],
       [ 1.50400000e+01, -4.27863947e+00, -1.21014310e-14],
       [ 7.40058830e+00, -1.05209840e-01, -1.14908083e-13],
       [ 6.78481649e+00,  8.57804710e+00, -1.12021503e-13],
       [ 1.37588223e+01,  1.37877850e+01, -6.21724894e-15],
       [ 2.19107370e+01,  1.07341948e+01,  1.05471187e-13],
       [ 0.00000000e+00,  0.00000000e+00,  0.00000000e+00],
       [ 1.50400000e+01, -3.88065838e+00, -1.15463195e-14],
       [ 7.73547785e+00,  1.09820262e-01, -1.09801057e-13],
       [ 7.14669967e+00,  8.41242852e+00, -1.07136522e-13],
       [ 1.38149854e+01,  1.33937867e+01, -5.88418203e-15],
       [ 0.00000000e+00,  0.00000000e+00,  0.00000000e+00],
       [ 0.00000000e+00,  0.00000000e+00,  0.00000000e+00],
       [ 1.50400000e+01, -3.51570313e+00, -1.09912079e-14],
       [ 8.04257710e+00,  3.07006426e-01, -1.05027098e-13],
       [ 7.47855254e+00,  8.26055355e+00, -1.02584607e-13],
       [ 1.38664879e+01,  1.30324837e+01, -5.77315973e-15],
       [ 2.13333449e+01,  1.02355063e+01,  9.65894031e-14],
       [ 2.30141296e+01,  2.44114948e+00,  1.10245146e-13],
       [ 1.50400000e+01, -3.17981055e+00, -1.05471187e-14],
       [ 8.32522096e+00,  4.88489958e-01, -1.00919273e-13],
       [ 7.78397880e+00,  8.12077292e+00, -9.84767823e-14],
       [ 1.39138891e+01,  1.26999526e+01, -5.32907052e-15],
       [ 2.10791405e+01,  1.00159523e+01,  9.27036226e-14],
       [ 0.00000000e+00,  0.00000000e+00,  0.00000000e+00],
       [ 1.50400000e+01, -2.86962721e+00, -9.99200722e-15],
       [ 8.58623124e+00,  6.56082734e-01, -9.71445147e-14],
       [ 8.06602771e+00,  7.99169110e+00, -9.47020240e-14],
       [ 1.39576621e+01,  1.23928734e+01, -5.21804822e-15],
       [ 2.08443930e+01,  9.81320290e+00,  8.91509089e-14],
       [ 2.23945917e+01,  2.62441678e+00,  1.01585407e-13],
       [ 1.50400000e+01, -2.58229645e+00, -9.54791801e-15],
       [ 8.82801174e+00,  8.11328205e-01, -9.33697564e-14],
       [ 8.32729683e+00,  7.87211931e+00, -9.10382880e-14],
       [ 1.39982103e+01,  1.21084181e+01, -4.99600361e-15],
       [ 2.06269404e+01,  9.62539098e+00,  8.58202398e-14],
       [ 0.00000000e+00,  0.00000000e+00,  0.00000000e+00],
       [ 1.50400000e+01, -2.31536972e+00, -9.32587341e-15],
       [ 9.05262283e+00,  9.55549332e-01, -9.00390873e-14],
       [ 8.57001262e+00,  7.76103860e+00, -8.78186412e-14],
       [ 1.40358790e+01,  1.18441626e+01, -4.77395901e-15],
       [ 0.00000000e+00,  0.00000000e+00,  0.00000000e+00],
       [ 2.18631007e+01,  2.78163867e+00,  9.42579348e-14],
       [ 1.50400000e+01, -2.06673620e+00, -8.88178420e-15],
       [ 9.26184073e+00,  1.08988660e+00, -8.68194405e-14],
       [ 8.79609444e+00,  7.65757055e+00, -8.48210391e-14],
       [ 1.40709661e+01,  1.15980173e+01, -4.66293670e-15],
       [ 0.00000000e+00,  0.00000000e+00,  0.00000000e+00],
       [ 0.00000000e+00,  0.00000000e+00,  0.00000000e+00],
       [ 1.50400000e+01, -1.83456650e+00, -8.65973959e-15],
       [ 9.45720479e+00,  1.21532842e+00, -8.39328607e-14],
       [ 9.00720575e+00,  7.56095386e+00, -8.17124146e-14],
       [ 1.41037299e+01,  1.13681711e+01, -4.55191440e-15],
       [ 2.00610565e+01,  9.13664207e+00,  7.71605002e-14],
       [ 2.14020469e+01,  2.91802437e+00,  8.78186412e-14],
       [ 1.50400000e+01, -1.61726728e+00, -8.43769499e-15],
       [ 9.64005578e+00,  1.33273569e+00, -8.10462808e-14],
       [ 9.20479537e+00,  7.47052548e+00, -7.92699240e-14],
       [ 1.41343952e+01,  1.11530465e+01, -4.32986980e-15],
       [ 0.00000000e+00,  0.00000000e+00,  0.00000000e+00],
       [ 2.11936734e+01,  2.97966394e+00,  8.49320614e-14],
       [ 1.50400000e+01, -1.41344438e+00, -8.10462808e-15],
       [ 9.81156684e+00,  1.44286167e+00, -7.86037901e-14],
       [ 9.39013101e+00,  7.38570522e+00, -7.66053887e-14],
       [ 1.41631587e+01,  1.09512633e+01, -4.10782519e-15],
       [ 1.97423502e+01,  8.86137828e+00,  7.22755189e-14],
       [ 0.00000000e+00,  0.00000000e+00,  0.00000000e+00],
       [ 1.50400000e+01, -1.22187261e+00, -7.99360578e-15],
       [ 9.97276892e+00,  1.54636834e+00, -7.62723218e-14],
       [ 9.56432673e+00,  7.30598324e+00, -7.43849426e-14],
       [ 1.41901933e+01,  1.07616087e+01, -3.99680289e-15],
       [ 0.00000000e+00,  0.00000000e+00,  0.00000000e+00],
       [ 2.08145198e+01,  3.09182245e+00,  7.97140132e-14],
       [ 1.50400000e+01, -1.04147092e+00, -7.54951657e-15],
       [ 1.01245717e+01,  1.64383979e+00, -7.39408534e-14],
       [ 9.72836552e+00,  7.23090965e+00, -7.20534743e-14],
       [ 1.42156516e+01,  1.05830124e+01, -3.77475828e-15],
       [ 0.00000000e+00,  0.00000000e+00,  0.00000000e+00],
       [ 0.00000000e+00,  0.00000000e+00,  0.00000000e+00],
       [ 1.50400000e+01, -8.71281820e-01, -7.43849426e-15],
       [ 1.02677809e+01,  1.73579336e+00, -7.17204074e-14],
       [ 9.88311803e+00,  7.16008599e+00, -7.00550729e-14],
       [ 1.42396687e+01,  1.04145264e+01, -3.77475828e-15],
       [ 0.00000000e+00,  0.00000000e+00,  0.00000000e+00],
       [ 2.04783298e+01,  3.19127180e+00,  7.50510765e-14]]), 'ray_origin': array([[15.04,  4.8 ,  1.  ],
       [15.04,  4.8 ,  1.  ],
       [15.04,  4.8 ,  1.  ],
       [15.04,  4.8 ,  1.  ],
       [15.04,  4.8 ,  1.  ],
       [15.04,  4.8 ,  1.  ],
       [15.04,  4.8 ,  1.  ],
       [15.04,  4.8 ,  1.  ],
       [15.04,  4.8 ,  1.  ],
       [15.04,  4.8 ,  1.  ],
       [15.04,  4.8 ,  1.  ],
       [15.04,  4.8 ,  1.  ],
       [15.04,  4.8 ,  1.  ],
       [15.04,  4.8 ,  1.  ],
       [15.04,  4.8 ,  1.  ],
       [15.04,  4.8 ,  1.  ],
       [15.04,  4.8 ,  1.  ],
       [15.04,  4.8 ,  1.  ],
       [15.04,  4.8 ,  1.  ],
       [15.04,  4.8 ,  1.  ],
       [15.04,  4.8 ,  1.  ],
       [15.04,  4.8 ,  1.  ],
       [15.04,  4.8 ,  1.  ],
       [15.04,  4.8 ,  1.  ],
       [15.04,  4.8 ,  1.  ],
       [15.04,  4.8 ,  1.  ],
       [15.04,  4.8 ,  1.  ],
       [15.04,  4.8 ,  1.  ],
       [15.04,  4.8 ,  1.  ],
       [15.04,  4.8 ,  1.  ],
       [15.04,  4.8 ,  1.  ],
       [15.04,  4.8 ,  1.  ],
       [15.04,  4.8 ,  1.  ],
       [15.04,  4.8 ,  1.  ],
       [15.04,  4.8 ,  1.  ],
       [15.04,  4.8 ,  1.  ],
       [15.04,  4.8 ,  1.  ],
       [15.04,  4.8 ,  1.  ],
       [15.04,  4.8 ,  1.  ],
       [15.04,  4.8 ,  1.  ],
       [15.04,  4.8 ,  1.  ],
       [15.04,  4.8 ,  1.  ],
       [15.04,  4.8 ,  1.  ],
       [15.04,  4.8 ,  1.  ],
       [15.04,  4.8 ,  1.  ],
       [15.04,  4.8 ,  1.  ],
       [15.04,  4.8 ,  1.  ],
       [15.04,  4.8 ,  1.  ],
       [15.04,  4.8 ,  1.  ],
       [15.04,  4.8 ,  1.  ],
       [15.04,  4.8 ,  1.  ],
       [15.04,  4.8 ,  1.  ],
       [15.04,  4.8 ,  1.  ],
       [15.04,  4.8 ,  1.  ],
       [15.04,  4.8 ,  1.  ],
       [15.04,  4.8 ,  1.  ],
       [15.04,  4.8 ,  1.  ],
       [15.04,  4.8 ,  1.  ],
       [15.04,  4.8 ,  1.  ],
       [15.04,  4.8 ,  1.  ],
       [15.04,  4.8 ,  1.  ],
       [15.04,  4.8 ,  1.  ],
       [15.04,  4.8 ,  1.  ],
       [15.04,  4.8 ,  1.  ],
       [15.04,  4.8 ,  1.  ],
       [15.04,  4.8 ,  1.  ],
       [15.04,  4.8 ,  1.  ],
       [15.04,  4.8 ,  1.  ],
       [15.04,  4.8 ,  1.  ],
       [15.04,  4.8 ,  1.  ],
       [15.04,  4.8 ,  1.  ],
       [15.04,  4.8 ,  1.  ],
       [15.04,  4.8 ,  1.  ],
       [15.04,  4.8 ,  1.  ],
       [15.04,  4.8 ,  1.  ],
       [15.04,  4.8 ,  1.  ],
       [15.04,  4.8 ,  1.  ],
       [15.04,  4.8 ,  1.  ],
       [15.04,  4.8 ,  1.  ],
       [15.04,  4.8 ,  1.  ],
       [15.04,  4.8 ,  1.  ],
       [15.04,  4.8 ,  1.  ],
       [15.04,  4.8 ,  1.  ],
       [15.04,  4.8 ,  1.  ],
       [15.04,  4.8 ,  1.  ],
       [15.04,  4.8 ,  1.  ],
       [15.04,  4.8 ,  1.  ],
       [15.04,  4.8 ,  1.  ],
       [15.04,  4.8 ,  1.  ],
       [15.04,  4.8 ,  1.  ],
       [15.04,  4.8 ,  1.  ],
       [15.04,  4.8 ,  1.  ],
       [15.04,  4.8 ,  1.  ],
       [15.04,  4.8 ,  1.  ],
       [15.04,  4.8 ,  1.  ],
       [15.04,  4.8 ,  1.  ],
       [15.04,  4.8 ,  1.  ],
       [15.04,  4.8 ,  1.  ],
       [15.04,  4.8 ,  1.  ],
       [15.04,  4.8 ,  1.  ],
       [15.04,  4.8 ,  1.  ],
       [15.04,  4.8 ,  1.  ],
       [15.04,  4.8 ,  1.  ],
       [15.04,  4.8 ,  1.  ],
       [15.04,  4.8 ,  1.  ],
       [15.04,  4.8 ,  1.  ],
       [15.04,  4.8 ,  1.  ],
       [15.04,  4.8 ,  1.  ],
       [15.04,  4.8 ,  1.  ],
       [15.04,  4.8 ,  1.  ],
       [15.04,  4.8 ,  1.  ],
       [15.04,  4.8 ,  1.  ],
       [15.04,  4.8 ,  1.  ],
       [15.04,  4.8 ,  1.  ],
       [15.04,  4.8 ,  1.  ],
       [15.04,  4.8 ,  1.  ],
       [15.04,  4.8 ,  1.  ],
       [15.04,  4.8 ,  1.  ],
       [15.04,  4.8 ,  1.  ],
       [15.04,  4.8 ,  1.  ],
       [15.04,  4.8 ,  1.  ],
       [15.04,  4.8 ,  1.  ],
       [15.04,  4.8 ,  1.  ],
       [15.04,  4.8 ,  1.  ],
       [15.04,  4.8 ,  1.  ],
       [15.04,  4.8 ,  1.  ],
       [15.04,  4.8 ,  1.  ],
       [15.04,  4.8 ,  1.  ],
       [15.04,  4.8 ,  1.  ],
       [15.04,  4.8 ,  1.  ],
       [15.04,  4.8 ,  1.  ],
       [15.04,  4.8 ,  1.  ],
       [15.04,  4.8 ,  1.  ],
       [15.04,  4.8 ,  1.  ],
       [15.04,  4.8 ,  1.  ],
       [15.04,  4.8 ,  1.  ],
       [15.04,  4.8 ,  1.  ],
       [15.04,  4.8 ,  1.  ],
       [15.04,  4.8 ,  1.  ],
       [15.04,  4.8 ,  1.  ],
       [15.04,  4.8 ,  1.  ],
       [15.04,  4.8 ,  1.  ],
       [15.04,  4.8 ,  1.  ],
       [15.04,  4.8 ,  1.  ],
       [15.04,  4.8 ,  1.  ],
       [15.04,  4.8 ,  1.  ],
       [15.04,  4.8 ,  1.  ],
       [15.04,  4.8 ,  1.  ],
       [15.04,  4.8 ,  1.  ],
       [15.04,  4.8 ,  1.  ],
       [15.04,  4.8 ,  1.  ],
       [15.04,  4.8 ,  1.  ],
       [15.04,  4.8 ,  1.  ],
       [15.04,  4.8 ,  1.  ],
       [15.04,  4.8 ,  1.  ],
       [15.04,  4.8 ,  1.  ],
       [15.04,  4.8 ,  1.  ],
       [15.04,  4.8 ,  1.  ],
       [15.04,  4.8 ,  1.  ],
       [15.04,  4.8 ,  1.  ],
       [15.04,  4.8 ,  1.  ],
       [15.04,  4.8 ,  1.  ],
       [15.04,  4.8 ,  1.  ],
       [15.04,  4.8 ,  1.  ],
       [15.04,  4.8 ,  1.  ],
       [15.04,  4.8 ,  1.  ],
       [15.04,  4.8 ,  1.  ],
       [15.04,  4.8 ,  1.  ],
       [15.04,  4.8 ,  1.  ],
       [15.04,  4.8 ,  1.  ],
       [15.04,  4.8 ,  1.  ],
       [15.04,  4.8 ,  1.  ],
       [15.04,  4.8 ,  1.  ],
       [15.04,  4.8 ,  1.  ],
       [15.04,  4.8 ,  1.  ],
       [15.04,  4.8 ,  1.  ],
       [15.04,  4.8 ,  1.  ],
       [15.04,  4.8 ,  1.  ],
       [15.04,  4.8 ,  1.  ],
       [15.04,  4.8 ,  1.  ],
       [15.04,  4.8 ,  1.  ],
       [15.04,  4.8 ,  1.  ],
       [15.04,  4.8 ,  1.  ],
       [15.04,  4.8 ,  1.  ],
       [15.04,  4.8 ,  1.  ],
       [15.04,  4.8 ,  1.  ],
       [15.04,  4.8 ,  1.  ],
       [15.04,  4.8 ,  1.  ],
       [15.04,  4.8 ,  1.  ],
       [15.04,  4.8 ,  1.  ],
       [15.04,  4.8 ,  1.  ],
       [15.04,  4.8 ,  1.  ],
       [15.04,  4.8 ,  1.  ],
       [15.04,  4.8 ,  1.  ],
       [15.04,  4.8 ,  1.  ],
       [15.04,  4.8 ,  1.  ],
       [15.04,  4.8 ,  1.  ],
       [15.04,  4.8 ,  1.  ],
       [15.04,  4.8 ,  1.  ],
       [15.04,  4.8 ,  1.  ],
       [15.04,  4.8 ,  1.  ],
       [15.04,  4.8 ,  1.  ],
       [15.04,  4.8 ,  1.  ],
       [15.04,  4.8 ,  1.  ],
       [15.04,  4.8 ,  1.  ],
       [15.04,  4.8 ,  1.  ],
       [15.04,  4.8 ,  1.  ],
       [15.04,  4.8 ,  1.  ],
       [15.04,  4.8 ,  1.  ],
       [15.04,  4.8 ,  1.  ],
       [15.04,  4.8 ,  1.  ],
       [15.04,  4.8 ,  1.  ],
       [15.04,  4.8 ,  1.  ],
       [15.04,  4.8 ,  1.  ],
       [15.04,  4.8 ,  1.  ],
       [15.04,  4.8 ,  1.  ],
       [15.04,  4.8 ,  1.  ],
       [15.04,  4.8 ,  1.  ],
       [15.04,  4.8 ,  1.  ],
       [15.04,  4.8 ,  1.  ],
       [15.04,  4.8 ,  1.  ],
       [15.04,  4.8 ,  1.  ],
       [15.04,  4.8 ,  1.  ],
       [15.04,  4.8 ,  1.  ],
       [15.04,  4.8 ,  1.  ],
       [15.04,  4.8 ,  1.  ],
       [15.04,  4.8 ,  1.  ],
       [15.04,  4.8 ,  1.  ],
       [15.04,  4.8 ,  1.  ],
       [15.04,  4.8 ,  1.  ],
       [15.04,  4.8 ,  1.  ],
       [15.04,  4.8 ,  1.  ],
       [15.04,  4.8 ,  1.  ],
       [15.04,  4.8 ,  1.  ],
       [15.04,  4.8 ,  1.  ],
       [15.04,  4.8 ,  1.  ],
       [15.04,  4.8 ,  1.  ],
       [15.04,  4.8 ,  1.  ],
       [15.04,  4.8 ,  1.  ],
       [15.04,  4.8 ,  1.  ],
       [15.04,  4.8 ,  1.  ],
       [15.04,  4.8 ,  1.  ],
       [15.04,  4.8 ,  1.  ],
       [15.04,  4.8 ,  1.  ],
       [15.04,  4.8 ,  1.  ],
       [15.04,  4.8 ,  1.  ],
       [15.04,  4.8 ,  1.  ],
       [15.04,  4.8 ,  1.  ],
       [15.04,  4.8 ,  1.  ],
       [15.04,  4.8 ,  1.  ],
       [15.04,  4.8 ,  1.  ],
       [15.04,  4.8 ,  1.  ],
       [15.04,  4.8 ,  1.  ],
       [15.04,  4.8 ,  1.  ],
       [15.04,  4.8 ,  1.  ],
       [15.04,  4.8 ,  1.  ],
       [15.04,  4.8 ,  1.  ],
       [15.04,  4.8 ,  1.  ],
       [15.04,  4.8 ,  1.  ],
       [15.04,  4.8 ,  1.  ],
       [15.04,  4.8 ,  1.  ],
       [15.04,  4.8 ,  1.  ],
       [15.04,  4.8 ,  1.  ],
       [15.04,  4.8 ,  1.  ],
       [15.04,  4.8 ,  1.  ],
       [15.04,  4.8 ,  1.  ],
       [15.04,  4.8 ,  1.  ],
       [15.04,  4.8 ,  1.  ],
       [15.04,  4.8 ,  1.  ],
       [15.04,  4.8 ,  1.  ],
       [15.04,  4.8 ,  1.  ],
       [15.04,  4.8 ,  1.  ],
       [15.04,  4.8 ,  1.  ],
       [15.04,  4.8 ,  1.  ],
       [15.04,  4.8 ,  1.  ],
       [15.04,  4.8 ,  1.  ],
       [15.04,  4.8 ,  1.  ],
       [15.04,  4.8 ,  1.  ],
       [15.04,  4.8 ,  1.  ],
       [15.04,  4.8 ,  1.  ],
       [15.04,  4.8 ,  1.  ],
       [15.04,  4.8 ,  1.  ],
       [15.04,  4.8 ,  1.  ],
       [15.04,  4.8 ,  1.  ],
       [15.04,  4.8 ,  1.  ],
       [15.04,  4.8 ,  1.  ],
       [15.04,  4.8 ,  1.  ],
       [15.04,  4.8 ,  1.  ],
       [15.04,  4.8 ,  1.  ],
       [15.04,  4.8 ,  1.  ],
       [15.04,  4.8 ,  1.  ],
       [15.04,  4.8 ,  1.  ],
       [15.04,  4.8 ,  1.  ],
       [15.04,  4.8 ,  1.  ],
       [15.04,  4.8 ,  1.  ],
       [15.04,  4.8 ,  1.  ],
       [15.04,  4.8 ,  1.  ],
       [15.04,  4.8 ,  1.  ],
       [15.04,  4.8 ,  1.  ],
       [15.04,  4.8 ,  1.  ]]), 'ray_vector': array([[ 1.50400000e+01, -1.51512810e+01,  2.39512947e+00],
       [-1.74842408e+00, -5.97972313e+00,  2.39512947e+00],
       [-3.10164848e+00,  1.31026625e+01,  2.39512947e+00],
       [ 1.22244751e+01,  2.45516185e+01,  2.39512947e+00],
       [ 3.01391792e+01,  1.78410276e+01,  2.39512947e+00],
       [ 3.41717677e+01, -8.59423973e-01,  2.39512947e+00],
       [ 1.50400000e+01, -1.51579899e+01,  2.29562239e+00],
       [-1.75406945e+00, -5.98334799e+00,  2.29562239e+00],
       [-3.10774890e+00,  1.31054544e+01,  2.29562239e+00],
       [ 1.22235283e+01,  2.45582603e+01,  2.29562239e+00],
       [ 3.01442566e+01,  1.78454128e+01,  2.29562239e+00],
       [ 3.41782010e+01, -8.61327045e-01,  2.29562239e+00],
       [ 1.50400000e+01, -1.51642026e+01,  2.19608308e+00],
       [-1.75929722e+00, -5.98670470e+00,  2.19608308e+00],
       [-3.11339805e+00,  1.31080398e+01,  2.19608308e+00],
       [ 1.22226516e+01,  2.45644108e+01,  2.19608308e+00],
       [ 3.01489583e+01,  1.78494737e+01,  2.19608308e+00],
       [ 3.41841585e+01, -8.63089339e-01,  2.19608308e+00],
       [ 1.50400000e+01, -1.51699188e+01,  2.09651403e+00],
       [-1.76410724e+00, -5.98979318e+00,  2.09651403e+00],
       [-3.11859578e+00,  1.31104185e+01,  2.09651403e+00],
       [ 1.22218449e+01,  2.45700698e+01,  2.09651403e+00],
       [ 3.01532844e+01,  1.78532100e+01,  2.09651403e+00],
       [ 3.41896399e+01, -8.64710811e-01,  2.09651403e+00],
       [ 1.50400000e+01, -1.51751384e+01,  1.99691771e+00],
       [-1.76849940e+00, -5.99261335e+00,  1.99691771e+00],
       [-3.12334197e+00,  1.31125907e+01,  1.99691771e+00],
       [ 1.22211083e+01,  2.45752372e+01,  1.99691771e+00],
       [ 3.01572346e+01,  1.78566218e+01,  1.99691771e+00],
       [ 3.41946451e+01, -8.66191420e-01,  1.99691771e+00],
       [ 1.50400000e+01, -1.51798613e+01,  1.89729661e+00],
       [-1.77247359e+00, -5.99516515e+00,  1.89729661e+00],
       [-3.12763650e+00,  1.31145561e+01,  1.89729661e+00],
       [ 1.22204418e+01,  2.45799128e+01,  1.89729661e+00],
       [ 3.01608089e+01,  1.78597089e+01,  1.89729661e+00],
       [ 3.41991740e+01, -8.67531130e-01,  1.89729661e+00],
       [ 1.50400000e+01, -1.51840874e+01,  1.79765319e+00],
       [-1.77602971e+00, -5.99744851e+00,  1.79765319e+00],
       [-3.13147925e+00,  1.31163148e+01,  1.79765319e+00],
       [ 1.22198454e+01,  2.45840966e+01,  1.79765319e+00],
       [ 3.01640072e+01,  1.78624713e+01,  1.79765319e+00],
       [ 3.42032265e+01, -8.68729908e-01,  1.79765319e+00],
       [ 1.50400000e+01, -1.51878165e+01,  1.69798993e+00],
       [-1.77916767e+00, -5.99946337e+00,  1.69798993e+00],
       [-3.13487015e+00,  1.31178666e+01,  1.69798993e+00],
       [ 1.22193192e+01,  2.45877884e+01,  1.69798993e+00],
       [ 3.01668294e+01,  1.78649088e+01,  1.69798993e+00],
       [ 3.42068025e+01, -8.69787722e-01,  1.69798993e+00],
       [ 1.50400000e+01, -1.51910486e+01,  1.59830932e+00],
       [-1.78188739e+00, -6.00120968e+00,  1.59830932e+00],
       [-3.13780909e+00,  1.31192117e+01,  1.59830932e+00],
       [ 1.22188631e+01,  2.45909882e+01,  1.59830932e+00],
       [ 3.01692755e+01,  1.78670214e+01,  1.59830932e+00],
       [ 3.42099018e+01, -8.70704549e-01,  1.59830932e+00],
       [ 1.50400000e+01, -1.51937836e+01,  1.49861383e+00],
       [-1.78418881e+00, -6.00268740e+00,  1.49861383e+00],
       [-3.14029602e+00,  1.31203498e+01,  1.49861383e+00],
       [ 1.22184771e+01,  2.45936958e+01,  1.49861383e+00],
       [ 3.01713453e+01,  1.78688091e+01,  1.49861383e+00],
       [ 3.42125245e+01, -8.71480363e-01,  1.49861383e+00],
       [ 1.50400000e+01, -1.51960215e+01,  1.39890595e+00],
       [-1.78607187e+00, -6.00389650e+00,  1.39890595e+00],
       [-3.14233086e+00,  1.31212811e+01,  1.39890595e+00],
       [ 1.22181613e+01,  2.45959112e+01,  1.39890595e+00],
       [ 3.01730389e+01,  1.78702719e+01,  1.39890595e+00],
       [ 3.42146704e+01, -8.72115147e-01,  1.39890595e+00],
       [ 1.50400000e+01, -1.51977620e+01,  1.29918814e+00],
       [-1.78753651e+00, -6.00483694e+00,  1.29918814e+00],
       [-3.14391356e+00,  1.31220054e+01,  1.29918814e+00],
       [ 1.22179157e+01,  2.45976344e+01,  1.29918814e+00],
       [ 3.01743562e+01,  1.78714096e+01,  1.29918814e+00],
       [ 3.42163395e+01, -8.72608884e-01,  1.29918814e+00],
       [ 1.50400000e+01, -1.51990053e+01,  1.19946289e+00],
       [-1.78858272e+00, -6.00550870e+00,  1.19946289e+00],
       [-3.14504409e+00,  1.31225228e+01,  1.19946289e+00],
       [ 1.22177402e+01,  2.45988652e+01,  1.19946289e+00],
       [ 3.01752971e+01,  1.78722223e+01,  1.19946289e+00],
       [ 3.42175317e+01, -8.72961562e-01,  1.19946289e+00],
       [ 1.50400000e+01, -1.51997513e+01,  1.09973269e+00],
       [-1.78921045e+00, -6.00591176e+00,  1.09973269e+00],
       [-3.14572242e+00,  1.31228332e+01,  1.09973269e+00],
       [ 1.22176349e+01,  2.45996038e+01,  1.09973269e+00],
       [ 3.01758617e+01,  1.78727099e+01,  1.09973269e+00],
       [ 3.42182470e+01, -8.73173172e-01,  1.09973269e+00],
       [ 1.50400000e+01, -1.52000000e+01,  1.00000000e+00],
       [-1.78941970e+00, -6.00604612e+00,  1.00000000e+00],
       [-3.14594854e+00,  1.31229367e+01,  1.00000000e+00],
       [ 1.22175998e+01,  2.45998499e+01,  1.00000000e+00],
       [ 3.01760499e+01,  1.78728724e+01,  1.00000000e+00],
       [ 3.42184855e+01, -8.73243709e-01,  1.00000000e+00],
       [ 1.50400000e+01, -1.51997513e+01,  9.00267313e-01],
       [-1.78921045e+00, -6.00591176e+00,  9.00267313e-01],
       [-3.14572242e+00,  1.31228332e+01,  9.00267313e-01],
       [ 1.22176349e+01,  2.45996038e+01,  9.00267313e-01],
       [ 3.01758617e+01,  1.78727099e+01,  9.00267313e-01],
       [ 3.42182470e+01, -8.73173172e-01,  9.00267313e-01],
       [ 1.50400000e+01, -1.51990053e+01,  8.00537106e-01],
       [-1.78858272e+00, -6.00550870e+00,  8.00537106e-01],
       [-3.14504409e+00,  1.31225228e+01,  8.00537106e-01],
       [ 1.22177402e+01,  2.45988652e+01,  8.00537106e-01],
       [ 3.01752971e+01,  1.78722223e+01,  8.00537106e-01],
       [ 3.42175317e+01, -8.72961562e-01,  8.00537106e-01],
       [ 1.50400000e+01, -1.51977620e+01,  7.00811860e-01],
       [-1.78753651e+00, -6.00483694e+00,  7.00811860e-01],
       [-3.14391356e+00,  1.31220054e+01,  7.00811860e-01],
       [ 1.22179157e+01,  2.45976344e+01,  7.00811860e-01],
       [ 3.01743562e+01,  1.78714096e+01,  7.00811860e-01],
       [ 3.42163395e+01, -8.72608884e-01,  7.00811860e-01],
       [ 1.50400000e+01, -1.51960215e+01,  6.01094053e-01],
       [-1.78607187e+00, -6.00389650e+00,  6.01094053e-01],
       [-3.14233086e+00,  1.31212811e+01,  6.01094053e-01],
       [ 1.22181613e+01,  2.45959112e+01,  6.01094053e-01],
       [ 3.01730389e+01,  1.78702719e+01,  6.01094053e-01],
       [ 3.42146704e+01, -8.72115147e-01,  6.01094053e-01],
       [ 1.50400000e+01, -1.51937836e+01,  5.01386165e-01],
       [-1.78418881e+00, -6.00268740e+00,  5.01386165e-01],
       [-3.14029602e+00,  1.31203498e+01,  5.01386165e-01],
       [ 1.22184771e+01,  2.45936958e+01,  5.01386165e-01],
       [ 3.01713453e+01,  1.78688091e+01,  5.01386165e-01],
       [ 3.42125245e+01, -8.71480363e-01,  5.01386165e-01],
       [ 1.50400000e+01, -1.51910486e+01,  4.01690677e-01],
       [-1.78188739e+00, -6.00120968e+00,  4.01690677e-01],
       [-3.13780909e+00,  1.31192117e+01,  4.01690677e-01],
       [ 1.22188631e+01,  2.45909882e+01,  4.01690677e-01],
       [ 3.01692755e+01,  1.78670214e+01,  4.01690677e-01],
       [ 3.42099018e+01, -8.70704549e-01,  4.01690677e-01],
       [ 1.50400000e+01, -1.51878165e+01,  3.02010066e-01],
       [-1.77916767e+00, -5.99946337e+00,  3.02010066e-01],
       [-3.13487015e+00,  1.31178666e+01,  3.02010066e-01],
       [ 1.22193192e+01,  2.45877884e+01,  3.02010066e-01],
       [ 3.01668294e+01,  1.78649088e+01,  3.02010066e-01],
       [ 3.42068025e+01, -8.69787722e-01,  3.02010066e-01],
       [ 1.50400000e+01, -1.51840874e+01,  2.02346812e-01],
       [-1.77602971e+00, -5.99744851e+00,  2.02346812e-01],
       [-3.13147925e+00,  1.31163148e+01,  2.02346812e-01],
       [ 1.22198454e+01,  2.45840966e+01,  2.02346812e-01],
       [ 3.01640072e+01,  1.78624713e+01,  2.02346812e-01],
       [ 3.42032265e+01, -8.68729908e-01,  2.02346812e-01],
       [ 1.50400000e+01, -1.51798613e+01,  1.02703393e-01],
       [-1.77247359e+00, -5.99516515e+00,  1.02703393e-01],
       [-3.12763650e+00,  1.31145561e+01,  1.02703393e-01],
       [ 1.22204418e+01,  2.45799128e+01,  1.02703393e-01],
       [ 3.01608089e+01,  1.78597089e+01,  1.02703393e-01],
       [ 3.41991740e+01, -8.67531130e-01,  1.02703393e-01],
       [ 1.50400000e+01, -1.51751384e+01,  3.08228679e-03],
       [-1.76849940e+00, -5.99261335e+00,  3.08228679e-03],
       [-3.12334197e+00,  1.31125907e+01,  3.08228679e-03],
       [ 1.22211083e+01,  2.45752372e+01,  3.08228679e-03],
       [ 3.01572346e+01,  1.78566218e+01,  3.08228679e-03],
       [ 3.41946451e+01, -8.66191420e-01,  3.08228679e-03],
       [ 1.50400000e+01, -1.51699188e+01, -9.65140294e-02],
       [-1.76410724e+00, -5.98979318e+00, -9.65140294e-02],
       [-3.11859578e+00,  1.31104185e+01, -9.65140294e-02],
       [ 1.22218449e+01,  2.45700698e+01, -9.65140294e-02],
       [ 3.01532844e+01,  1.78532100e+01, -9.65140294e-02],
       [ 3.41896399e+01, -8.64710811e-01, -9.65140294e-02],
       [ 1.50400000e+01, -1.51642026e+01, -1.96083079e-01],
       [-1.75929722e+00, -5.98670470e+00, -1.96083079e-01],
       [-3.11339805e+00,  1.31080398e+01, -1.96083079e-01],
       [ 1.22226516e+01,  2.45644108e+01, -1.96083079e-01],
       [ 3.01489583e+01,  1.78494737e+01, -1.96083079e-01],
       [ 3.41841585e+01, -8.63089339e-01, -1.96083079e-01],
       [ 1.50400000e+01, -1.51579899e+01, -2.95622386e-01],
       [-1.75406945e+00, -5.98334799e+00, -2.95622386e-01],
       [-3.10774890e+00,  1.31054544e+01, -2.95622386e-01],
       [ 1.22235283e+01,  2.45582603e+01, -2.95622386e-01],
       [ 3.01442566e+01,  1.78454128e+01, -2.95622386e-01],
       [ 3.41782010e+01, -8.61327045e-01, -2.95622386e-01],
       [ 1.50400000e+01, -1.51512810e+01, -3.95129475e-01],
       [-1.74842408e+00, -5.97972313e+00, -3.95129475e-01],
       [-3.10164848e+00,  1.31026625e+01, -3.95129475e-01],
       [ 1.22244751e+01,  2.45516185e+01, -3.95129475e-01],
       [ 3.01391792e+01,  1.78410276e+01, -3.95129475e-01],
       [ 3.41717677e+01, -8.59423973e-01, -3.95129475e-01],
       [ 1.50400000e+01, -1.51440759e+01, -4.94601872e-01],
       [-1.74236123e+00, -5.97583022e+00, -4.94601872e-01],
       [-3.09509694e+00,  1.30996641e+01, -4.94601872e-01],
       [ 1.22254918e+01,  2.45444855e+01, -4.94601872e-01],
       [ 3.01337264e+01,  1.78363180e+01, -4.94601872e-01],
       [ 3.41648586e+01, -8.57380169e-01, -4.94601872e-01],
       [ 1.50400000e+01, -1.51363749e+01, -5.94037103e-01],
       [-1.73588105e+00, -5.97166935e+00, -5.94037103e-01],
       [-3.08809443e+00,  1.30964594e+01, -5.94037103e-01],
       [ 1.22265786e+01,  2.45368616e+01, -5.94037103e-01],
       [ 3.01278983e+01,  1.78312843e+01, -5.94037103e-01],
       [ 3.41574739e+01, -8.55195685e-01, -5.94037103e-01],
       [ 1.50400000e+01, -1.51281782e+01, -6.93432695e-01],
       [-1.72898372e+00, -5.96724062e+00, -6.93432695e-01],
       [-3.08064114e+00,  1.30930483e+01, -6.93432695e-01],
       [ 1.22277353e+01,  2.45287469e+01, -6.93432695e-01],
       [ 3.01216950e+01,  1.78259265e+01, -6.93432695e-01],
       [ 3.41496138e+01, -8.52870576e-01, -6.93432695e-01],
       [ 1.50400000e+01, -1.51194859e+01, -7.92786178e-01],
       [-1.72166940e+00, -5.96254415e+00, -7.92786178e-01],
       [-3.07273725e+00,  1.30894310e+01, -7.92786178e-01],
       [ 1.22289620e+01,  2.45201416e+01, -7.92786178e-01],
       [ 3.01151166e+01,  1.78202449e+01, -7.92786178e-01],
       [ 3.41412785e+01, -8.50404898e-01, -7.92786178e-01],
       [ 1.50400000e+01, -1.51102982e+01, -8.92095080e-01],
       [-1.71393827e+00, -5.95758005e+00, -8.92095080e-01],
       [-3.06438296e+00,  1.30856076e+01, -8.92095080e-01],
       [ 1.22302586e+01,  2.45110459e+01, -8.92095080e-01],
       [ 3.01081634e+01,  1.78142394e+01, -8.92095080e-01],
       [ 3.41324683e+01, -8.47798713e-01, -8.92095080e-01],
       [ 1.50400000e+01, -1.51006155e+01, -9.91356932e-01],
       [-1.70579053e+00, -5.95234845e+00, -9.91356932e-01],
       [-3.05557847e+00,  1.30815782e+01, -9.91356932e-01],
       [ 1.22316250e+01,  2.45014600e+01, -9.91356932e-01],
       [ 3.01008355e+01,  1.78079104e+01, -9.91356932e-01],
       [ 3.41231833e+01, -8.45052087e-01, -9.91356932e-01],
       [ 1.50400000e+01, -1.50904379e+01, -1.09056927e+00],
       [-1.69722637e+00, -5.94684947e+00, -1.09056927e+00],
       [-3.04632401e+00,  1.30773428e+01, -1.09056927e+00],
       [ 1.22330612e+01,  2.44913843e+01, -1.09056927e+00],
       [ 3.00931330e+01,  1.78012579e+01, -1.09056927e+00],
       [ 3.41134237e+01, -8.42165087e-01, -1.09056927e+00],
       [ 1.50400000e+01, -1.50797657e+01, -1.18972961e+00],
       [-1.68824602e+00, -5.94108325e+00, -1.18972961e+00],
       [-3.03661980e+00,  1.30729016e+01, -1.18972961e+00],
       [ 1.22345673e+01,  2.44808189e+01, -1.18972961e+00],
       [ 3.00850563e+01,  1.77942820e+01, -1.18972961e+00],
       [ 3.41031899e+01, -8.39137784e-01, -1.18972961e+00],
       [ 1.50400000e+01, -1.50685991e+01, -1.28883551e+00],
       [-1.67884969e+00, -5.93504993e+00, -1.28883551e+00],
       [-3.02646608e+00,  1.30682547e+01, -1.28883551e+00],
       [ 1.22361431e+01,  2.44697641e+01, -1.28883551e+00],
       [ 3.00766054e+01,  1.77869831e+01, -1.28883551e+00],
       [ 3.40924820e+01, -8.35970256e-01, -1.28883551e+00],
       [ 1.50400000e+01, -1.50569385e+01, -1.38788449e+00],
       [-1.66903762e+00, -5.92874967e+00, -1.38788449e+00],
       [-3.01586311e+00,  1.30634022e+01, -1.38788449e+00],
       [ 1.22377887e+01,  2.44582201e+01, -1.38788449e+00],
       [ 3.00677806e+01,  1.77793612e+01, -1.38788449e+00],
       [ 3.40813004e+01, -8.32662579e-01, -1.38788449e+00],
       [ 1.50400000e+01, -1.50447841e+01, -1.48687409e+00],
       [-1.65881005e+00, -5.92218263e+00, -1.48687409e+00],
       [-3.00481115e+00,  1.30583441e+01, -1.48687409e+00],
       [ 1.22395039e+01,  2.44461874e+01, -1.48687409e+00],
       [ 3.00585821e+01,  1.77714166e+01, -1.48687409e+00],
       [ 3.40696452e+01, -8.29214837e-01, -1.48687409e+00],
       [ 1.50400000e+01, -1.50321363e+01, -1.58580185e+00],
       [-1.64816723e+00, -5.91534895e+00, -1.58580185e+00],
       [-2.99331047e+00,  1.30530808e+01, -1.58580185e+00],
       [ 1.22412888e+01,  2.44336661e+01, -1.58580185e+00],
       [ 3.00490102e+01,  1.77631494e+01, -1.58580185e+00],
       [ 3.40575169e+01, -8.25627115e-01, -1.58580185e+00],
       [ 1.50400000e+01, -1.50189952e+01, -1.68466532e+00],
       [-1.63710944e+00, -5.90824883e+00, -1.68466532e+00],
       [-2.98136137e+00,  1.30476122e+01, -1.68466532e+00],
       [ 1.22431432e+01,  2.44206566e+01, -1.68466532e+00],
       [ 3.00390650e+01,  1.77545598e+01, -1.68466532e+00],
       [ 3.40449156e+01, -8.21899502e-01, -1.68466532e+00],
       [ 1.50400000e+01, -1.50053614e+01, -1.78346202e+00],
       [-1.62563694e+00, -5.90088242e+00, -1.78346202e+00],
       [-2.96896414e+00,  1.30419385e+01, -1.78346202e+00],
       [ 1.22450672e+01,  2.44071592e+01, -1.78346202e+00],
       [ 3.00287469e+01,  1.77456481e+01, -1.78346202e+00],
       [ 3.40318418e+01, -8.18032091e-01, -1.78346202e+00],
       [ 1.50400000e+01, -1.49912350e+01, -1.88218951e+00],
       [-1.61375002e+00, -5.89324992e+00, -1.88218951e+00],
       [-2.95611908e+00,  1.30360598e+01, -1.88218951e+00],
       [ 1.22470608e+01,  2.43931742e+01, -1.88218951e+00],
       [ 3.00180560e+01,  1.77364145e+01, -1.88218951e+00],
       [ 3.40182957e+01, -8.14024979e-01, -1.88218951e+00],
       [ 1.50400000e+01, -1.49766165e+01, -1.98084532e+00],
       [-1.60144898e+00, -5.88535151e+00, -1.98084532e+00],
       [-2.94282652e+00,  1.30299764e+01, -1.98084532e+00],
       [ 1.22491237e+01,  2.43787020e+01, -1.98084532e+00],
       [ 3.00069927e+01,  1.77268592e+01, -1.98084532e+00],
       [ 3.40042777e+01, -8.09878264e-01, -1.98084532e+00],
       [ 1.50400000e+01, -1.49615062e+01, -2.07942702e+00],
       [-1.58873413e+00, -5.87718739e+00, -2.07942702e+00],
       [-2.92908678e+00,  1.30236883e+01, -2.07942702e+00],
       [ 1.22512561e+01,  2.43637429e+01, -2.07942702e+00],
       [ 2.99955572e+01,  1.77169825e+01, -2.07942702e+00],
       [ 3.39897880e+01, -8.05592051e-01, -2.07942702e+00],
       [ 1.50400000e+01, -1.49459046e+01, -2.17793213e+00],
       [-1.57560577e+00, -5.86875777e+00, -2.17793213e+00],
       [-2.91490022e+00,  1.30171957e+01, -2.17793213e+00],
       [ 1.22534578e+01,  2.43482974e+01, -2.17793213e+00],
       [ 2.99837499e+01,  1.77067846e+01, -2.17793213e+00],
       [ 3.39748272e+01, -8.01166445e-01, -2.17793213e+00],
       [ 1.50400000e+01, -1.49298119e+01, -2.27635823e+00],
       [-1.56206423e+00, -5.86006285e+00, -2.27635823e+00],
       [-2.90026717e+00,  1.30104988e+01, -2.27635823e+00],
       [ 1.22557288e+01,  2.43323657e+01, -2.27635823e+00],
       [ 2.99715709e+01,  1.76962657e+01, -2.27635823e+00],
       [ 3.39593955e+01, -7.96601556e-01, -2.27635823e+00],
       [ 1.50400000e+01, -1.49132286e+01, -2.37470285e+00],
       [-1.54810986e+00, -5.85110285e+00, -2.37470285e+00],
       [-2.88518801e+00,  1.30035977e+01, -2.37470285e+00],
       [ 1.22580690e+01,  2.43159484e+01, -2.37470285e+00],
       [ 2.99590206e+01,  1.76854261e+01, -2.37470285e+00],
       [ 3.39434934e+01, -7.91897499e-01, -2.37470285e+00],
       [ 1.50400000e+01, -1.48961551e+01, -2.47296355e+00],
       [-1.53374300e+00, -5.84187800e+00, -2.47296355e+00],
       [-2.86966311e+00,  1.29964926e+01, -2.47296355e+00],
       [ 1.22604784e+01,  2.42990457e+01, -2.47296355e+00],
       [ 2.99460993e+01,  1.76742661e+01, -2.47296355e+00],
       [ 3.39271212e+01, -7.87054390e-01, -2.47296355e+00]])}
