RLidar: {'hit': array([0, 0, 0, 0, 0, 0, 0, 0, 0, 0, 0, 0, 0, 0, 0, 0, 0, 0, 0, 0, 0, 0,
       0, 0, 0, 0, 0, 0, 0, 0, 0, 0, 0, 0, 0, 0, 0, 0, 0, 0, 0, 0, 0, 0,
       0, 0, 0, 0, 0, 0, 0, 0, 0, 0, 0, 0, 0, 0, 0, 0, 0, 0, 0, 0, 0, 0,
       0, 0, 0, 0, 0, 0, 0, 0, 0, 0, 0, 0, 0, 0, 0, 0, 0, 0, 0, 0, 0, 0,
       0, 0, 0, 0, 0, 0, 0, 0, 0, 0, 0, 0, 0, 0, 0, 0, 0, 0, 0, 0, 0, 0,
       0, 0, 0, 0, 0, 0, 0, 0, 0, 0, 0, 0, 0, 0, 0, 0, 0, 0, 0, 0, 0, 0,
       0, 0, 0, 0, 0, 0, 0, 0, 0, 0, 0, 0, 0, 0, 0, 0, 0, 0, 1, 1, 1, 1,
       0, 0, 0, 1, 1, 1, 0, 1, 1, 1, 1, 1, 1, 0, 1, 1, 1, 1, 0, 0, 1, 1,
       1, 1, 1, 1, 0, 1, 1, 1, 0, 1, 1, 1, 1, 1, 0, 1, 1, 1, 1, 1, 0, 0,
       1, 1, 1, 1, 1, 0, 0, 1, 1, 1, 0, 1, 0, 1, 1, 1, 0, 0, 1, 1, 1, 1,
       1, 0, 0, 1, 1, 1, 0, 1, 0, 1, 1, 1, 0, 1, 0, 1, 1, 1, 1, 0, 0, 1,
       1, 1, 0, 1, 1, 1, 1, 1, 1, 0, 0, 1, 1, 1, 0, 0, 1, 1, 1, 1, 0, 0,
       0, 1, 1, 1, 1, 1, 1, 1, 1, 1, 1, 1, 1, 1, 1, 1, 1, 0, 1, 1, 1, 1,
       1, 0, 0, 1, 1, 1, 0, 0, 0, 1, 1, 1, 1, 1], dtype=int8), 'point_cloud': array([[ 0.00000000e+00,  0.00000000e+00,  0.00000000e+00],
       [ 0.00000000e+00,  0.00000000e+00,  0.00000000e+00],
       [ 0.00000000e+00,  0.00000000e+00,  0.00000000e+00],
       [ 0.00000000e+00,  0.00000000e+00,  0.00000000e+00],
       [ 0.00000000e+00,  0.00000000e+00,  0.00000000e+00],
       [ 0.00000000e+00,  0.00000000e+00,  0.00000000e+00],
       [ 0.00000000e+00,  0.00000000e+00,  0.00000000e+00],
       [ 0.00000000e+00,  0.00000000e+00,  0.00000000e+00],
       [ 0.00000000e+00,  0.00000000e+00,  0.00000000e+00],
       [ 0.00000000e+00,  0.00000000e+00,  0.00000000e+00],
       [ 0.00000000e+00,  0.00000000e+00,  0.00000000e+00],
       [ 0.00000000e+00,  0.00000000e+00,  0.00000000e+00],
       [ 0.00000000e+00,  0.00000000e+00,  0.00000000e+00],
       [ 0.00000000e+00,  0.00000000e+00,  0.00000000e+00],
       [ 0.00000000e+00,  0.00000000e+00,  0.00000000e+00],
       [ 0.00000000e+00,  0.00000000e+00,  0.00000000e+00],
       [ 0.00000000e+00,  0.00000000e+00,  0.00000000e+00],
       [ 0.00000000e+00,  0.00000000e+00,  0.00000000e+00],
       [ 0.00000000e+00,  0.00000000e+00,  0.00000000e+00],
       [ 0.00000000e+00,  0.00000000e+00,  0.00000000e+00],
       [ 0.00000000e+00,  0.00000000e+00,  0.00000000e+00],
       [ 0.00000000e+00,  0.00000000e+00,  0.00000000e+00],
       [ 0.00000000e+00,  0.00000000e+00,  0.00000000e+00],
       [ 0.00000000e+00,  0.00000000e+00,  0.00000000e+00],
       [ 0.00000000e+00,  0.00000000e+00,  0.00000000e+00],
       [ 0.00000000e+00,  0.00000000e+00,  0.00000000e+00],
       [ 0.00000000e+00,  0.00000000e+00,  0.00000000e+00],
       [ 0.00000000e+00,  0.00000000e+00,  0.00000000e+00],
       [ 0.00000000e+00,  0.00000000e+00,  0.00000000e+00],
       [ 0.00000000e+00,  0.00000000e+00,  0.00000000e+00],
       [ 0.00000000e+00,  0.00000000e+00,  0.00000000e+00],
       [ 0.00000000e+00,  0.00000000e+00,  0.00000000e+00],
       [ 0.00000000e+00,  0.00000000e+00,  0.00000000e+00],
       [ 0.00000000e+00,  0.00000000e+00,  0.00000000e+00],
       [ 0.00000000e+00,  0.00000000e+00,  0.00000000e+00],
       [ 0.00000000e+00,  0.00000000e+00,  0.00000000e+00],
       [ 0.00000000e+00,  0.00000000e+00,  0.00000000e+00],
       [ 0.00000000e+00,  0.00000000e+00,  0.00000000e+00],
       [ 0.00000000e+00,  0.00000000e+00,  0.00000000e+00],
       [ 0.00000000e+00,  0.00000000e+00,  0.00000000e+00],
       [ 0.00000000e+00,  0.00000000e+00,  0.00000000e+00],
       [ 0.00000000e+00,  0.00000000e+00,  0.00000000e+00],
       [ 0.00000000e+00,  0.00000000e+00,  0.00000000e+00],
       [ 0.00000000e+00,  0.00000000e+00,  0.00000000e+00],
       [ 0.00000000e+00,  0.00000000e+00,  0.00000000e+00],
       [ 0.00000000e+00,  0.00000000e+00,  0.00000000e+00],
       [ 0.00000000e+00,  0.00000000e+00,  0.00000000e+00],
       [ 0.00000000e+00,  0.00000000e+00,  0.00000000e+00],
       [ 0.00000000e+00,  0.00000000e+00,  0.00000000e+00],
       [ 0.00000000e+00,  0.00000000e+00,  0.00000000e+00],
       [ 0.00000000e+00,  0.00000000e+00,  0.00000000e+00],
       [ 0.00000000e+00,  0.00000000e+00,  0.00000000e+00],
       [ 0.00000000e+00,  0.00000000e+00,  0.00000000e+00],
       [ 0.00000000e+00,  0.00000000e+00,  0.00000000e+00],
       [ 0.00000000e+00,  0.00000000e+00,  0.00000000e+00],
       [ 0.00000000e+00,  0.00000000e+00,  0.00000000e+00],
       [ 0.00000000e+00,  0.00000000e+00,  0.00000000e+00],
       [ 0.00000000e+00,  0.00000000e+00,  0.00000000e+00],
       [ 0.00000000e+00,  0.00000000e+00,  0.00000000e+00],
       [ 0.00000000e+00,  0.00000000e+00,  0.00000000e+00],
       [ 0.00000000e+00,  0.00000000e+00,  0.00000000e+00],
       [ 0.00000000e+00,  0.00000000e+00,  0.00000000e+00],
       [ 0.00000000e+00,  0.00000000e+00,  0.00000000e+00],
       [ 0.00000000e+00,  0.00000000e+00,  0.00000000e+00],
       [ 0.00000000e+00,  0.00000000e+00,  0.00000000e+00],
       [ 0.00000000e+00,  0.00000000e+00,  0.00000000e+00],
       [ 0.00000000e+00,  0.00000000e+00,  0.00000000e+00],
       [ 0.00000000e+00,  0.00000000e+00,  0.00000000e+00],
       [ 0.00000000e+00,  0.00000000e+00,  0.00000000e+00],
       [ 0.00000000e+00,  0.00000000e+00,  0.00000000e+00],
       [ 0.00000000e+00,  0.00000000e+00,  0.00000000e+00],
       [ 0.00000000e+00,  0.00000000e+00,  0.00000000e+00],
       [ 0.00000000e+00,  0.00000000e+00,  0.00000000e+00],
       [ 0.00000000e+00,  0.00000000e+00,  0.00000000e+00],
       [ 0.00000000e+00,  0.00000000e+00,  0.00000000e+00],
       [ 0.00000000e+00,  0.00000000e+00,  0.00000000e+00],
       [ 0.00000000e+00,  0.00000000e+00,  0.00000000e+00],
       [ 0.00000000e+00,  0.00000000e+00,  0.00000000e+00],
       [ 0.00000000e+00,  0.00000000e+00,  0.00000000e+00],
       [ 0.00000000e+00,  0.00000000e+00,  0.00000000e+00],
       [ 0.00000000e+00,  0.00000000e+00,  0.00000000e+00],
       [ 0.00000000e+00,  0.00000000e+00,  0.00000000e+00],
       [ 0.00000000e+00,  0.00000000e+00,  0.00000000e+00],
       [ 0.00000000e+00,  0.00000000e+00,  0.00000000e+00],
       [ 0.00000000e+00,  0.00000000e+00,  0.00000000e+00],
       [ 0.00000000e+00,  0.00000000e+00,  0.00000000e+00],
       [ 0.00000000e+00,  0.00000000e+00,  0.00000000e+00],
       [ 0.00000000e+00,  0.00000000e+00,  0.00000000e+00],
       [ 0.00000000e+00,  0.00000000e+00,  0.00000000e+00],
       [ 0.00000000e+00,  0.00000000e+00,  0.00000000e+00],
       [ 0.00000000e+00,  0.00000000e+00,  0.00000000e+00],
       [ 0.00000000e+00,  0.00000000e+00,  0.00000000e+00],
       [ 0.00000000e+00,  0.00000000e+00,  0.00000000e+00],
       [ 0.00000000e+00,  0.00000000e+00,  0.00000000e+00],
       [ 0.00000000e+00,  0.00000000e+00,  0.00000000e+00],
       [ 0.00000000e+00,  0.00000000e+00,  0.00000000e+00],
       [ 0.00000000e+00,  0.00000000e+00,  0.00000000e+00],
       [ 0.00000000e+00,  0.00000000e+00,  0.00000000e+00],
       [ 0.00000000e+00,  0.00000000e+00,  0.00000000e+00],
       [ 0.00000000e+00,  0.00000000e+00,  0.00000000e+00],
       [ 0.00000000e+00,  0.00000000e+00,  0.00000000e+00],
       [ 0.00000000e+00,  0.00000000e+00,  0.00000000e+00],
       [ 0.00000000e+00,  0.00000000e+00,  0.00000000e+00],
       [ 0.00000000e+00,  0.00000000e+00,  0.00000000e+00],
       [ 0.00000000e+00,  0.00000000e+00,  0.00000000e+00],
       [ 0.00000000e+00,  0.00000000e+00,  0.00000000e+00],
       [ 0.00000000e+00,  0.00000000e+00,  0.00000000e+00],
       [ 0.00000000e+00,  0.00000000e+00,  0.00000000e+00],
       [ 0.00000000e+00,  0.00000000e+00,  0.00000000e+00],
       [ 0.00000000e+00,  0.00000000e+00,  0.00000000e+00],
       [ 0.00000000e+00,  0.00000000e+00,  0.00000000e+00],
       [ 0.00000000e+00,  0.00000000e+00,  0.00000000e+00],
       [ 0.00000000e+00,  0.00000000e+00,  0.00000000e+00],
       [ 0.00000000e+00,  0.00000000e+00,  0.00000000e+00],
       [ 0.00000000e+00,  0.00000000e+00,  0.00000000e+00],
       [ 0.00000000e+00,  0.00000000e+00,  0.00000000e+00],
       [ 0.00000000e+00,  0.00000000e+00,  0.00000000e+00],
       [ 0.00000000e+00,  0.00000000e+00,  0.00000000e+00],
       [ 0.00000000e+00,  0.00000000e+00,  0.00000000e+00],
       [ 0.00000000e+00,  0.00000000e+00,  0.00000000e+00],
       [ 0.00000000e+00,  0.00000000e+00,  0.00000000e+00],
       [ 0.00000000e+00,  0.00000000e+00,  0.00000000e+00],
       [ 0.00000000e+00,  0.00000000e+00,  0.00000000e+00],
       [ 0.00000000e+00,  0.00000000e+00,  0.00000000e+00],
       [ 0.00000000e+00,  0.00000000e+00,  0.00000000e+00],
       [ 0.00000000e+00,  0.00000000e+00,  0.00000000e+00],
       [ 0.00000000e+00,  0.00000000e+00,  0.00000000e+00],
       [ 0.00000000e+00,  0.00000000e+00,  0.00000000e+00],
       [ 0.00000000e+00,  0.00000000e+00,  0.00000000e+00],
       [ 0.00000000e+00,  0.00000000e+00,  0.00000000e+00],
       [ 0.00000000e+00,  0.00000000e+00,  0.00000000e+00],
       [ 0.00000000e+00,  0.00000000e+00,  0.00000000e+00],
       [ 0.00000000e+00,  0.00000000e+00,  0.00000000e+00],
       [ 0.00000000e+00,  0.00000000e+00,  0.00000000e+00],
       [ 0.00000000e+00,  0.00000000e+00,  0.00000000e+00],
       [ 0.00000000e+00,  0.00000000e+00,  0.00000000e+00],
       [ 0.00000000e+00,  0.00000000e+00,  0.00000000e+00],
       [ 0.00000000e+00,  0.00000000e+00,  0.00000000e+00],
       [ 0.00000000e+00,  0.00000000e+00,  0.00000000e+00],
       [ 0.00000000e+00,  0.00000000e+00,  0.00000000e+00],
       [ 0.00000000e+00,  0.00000000e+00,  0.00000000e+00],
       [ 0.00000000e+00,  0.00000000e+00,  0.00000000e+00],
       [ 0.00000000e+00,  0.00000000e+00,  0.00000000e+00],
       [ 0.00000000e+00,  0.00000000e+00,  0.00000000e+00],
       [ 0.00000000e+00,  0.00000000e+00,  0.00000000e+00],
       [ 0.00000000e+00,  0.00000000e+00,  0.00000000e+00],
       [ 0.00000000e+00,  0.00000000e+00,  0.00000000e+00],
       [ 0.00000000e+00,  0.00000000e+00,  0.00000000e+00],
       [ 0.00000000e+00,  0.00000000e+00,  0.00000000e+00],
       [ 0.00000000e+00,  0.00000000e+00,  0.00000000e+00],
       [ 1.60000000e+00, -5.87521872e+01,  1.29285471e-13],
       [-1.37250271e+01, -5.03800868e+01, -1.06845088e-13],
       [-1.49602950e+01, -3.29610559e+01, -2.44776421e-13],
       [-9.70104009e-01, -2.25100713e+01, -1.57401869e-13],
       [ 0.00000000e+00,  0.00000000e+00,  0.00000000e+00],
       [ 0.00000000e+00,  0.00000000e+00,  0.00000000e+00],
       [ 0.00000000e+00,  0.00000000e+00,  0.00000000e+00],
       [-1.24452595e+01, -4.95583574e+01, -9.78939152e-14],
       [-1.35773722e+01, -3.35939610e+01, -2.24320562e-13],
       [-7.55478880e-01, -2.40157208e+01, -1.44245726e-13],
       [ 0.00000000e+00,  0.00000000e+00,  0.00000000e+00],
       [ 1.76057097e+01, -4.52746956e+01,  2.18491891e-13],
       [ 1.60000000e+00, -5.59441719e+01,  1.09384724e-13],
       [-1.13621637e+01, -4.88629096e+01, -9.03721542e-14],
       [-1.24069739e+01, -3.41296026e+01, -2.06890061e-13],
       [-5.73836862e-01, -2.52899854e+01, -1.33282274e-13],
       [ 1.32579157e+01, -3.04711613e+01,  6.31161789e-14],
       [ 0.00000000e+00,  0.00000000e+00,  0.00000000e+00],
       [ 1.60000000e+00, -5.48406663e+01,  1.01585407e-13],
       [-1.04335957e+01, -4.82666830e+01, -8.39883718e-14],
       [-1.14035590e+01, -3.45888230e+01, -1.92068583e-13],
       [-4.18110137e-01, -2.63824477e+01, -1.23789867e-13],
       [ 0.00000000e+00,  0.00000000e+00,  0.00000000e+00],
       [ 0.00000000e+00,  0.00000000e+00,  0.00000000e+00],
       [ 1.60000000e+00, -5.38840726e+01,  9.49795798e-14],
       [-9.62864995e+00, -4.77498332e+01, -7.81041898e-14],
       [-1.05337309e+01, -3.49869064e+01, -1.79189996e-13],
       [-2.83115638e-01, -2.73294682e+01, -1.15296661e-13],
       [ 1.16988275e+01, -3.18177320e+01,  5.46229728e-14],
       [ 1.43959552e+01, -4.43252088e+01,  1.74416037e-13],
       [ 0.00000000e+00,  0.00000000e+00,  0.00000000e+00],
       [-8.92414716e+00, -4.72974772e+01, -7.32747196e-14],
       [-9.77244196e+00, -3.53353160e+01, -1.68032255e-13],
       [-1.64966065e-01, -2.81583173e+01, -1.08135723e-13],
       [ 0.00000000e+00,  0.00000000e+00,  0.00000000e+00],
       [ 1.35931173e+01, -4.40877190e+01,  1.63702385e-13],
       [ 1.60000000e+00, -5.23079186e+01,  8.35997938e-14],
       [-8.30236209e+00, -4.68982336e+01, -6.88893387e-14],
       [-9.10053814e+00, -3.56428179e+01, -1.58040248e-13],
       [-6.06887734e-02, -2.88898488e+01, -1.01862963e-13],
       [ 0.00000000e+00,  0.00000000e+00,  0.00000000e+00],
       [ 1.28845428e+01, -4.38781135e+01,  1.53876911e-13],
       [ 1.60000000e+00, -5.16509100e+01,  7.89368571e-14],
       [-7.74950838e+00, -4.65432503e+01, -6.50590692e-14],
       [-8.50312188e+00, -3.59162300e+01, -1.49269486e-13],
       [ 3.20282908e-02, -2.95402825e+01, -9.59232693e-14],
       [ 0.00000000e+00,  0.00000000e+00,  0.00000000e+00],
       [ 0.00000000e+00,  0.00000000e+00,  0.00000000e+00],
       [ 1.60000000e+00, -5.10628846e+01,  7.47735207e-14],
       [-7.25470210e+00, -4.62255388e+01, -6.16728890e-14],
       [-7.96843192e+00, -3.61609348e+01, -1.41275880e-13],
       [ 1.15010436e-01, -3.01224232e+01, -9.10382880e-14],
       [ 9.56374535e+00, -3.36617836e+01,  4.31321645e-14],
       [ 0.00000000e+00,  0.00000000e+00,  0.00000000e+00],
       [ 0.00000000e+00,  0.00000000e+00,  0.00000000e+00],
       [-6.80923606e+00, -4.59395084e+01, -5.84532422e-14],
       [-7.48705927e+00, -3.63812387e+01, -1.34225964e-13],
       [ 1.89717908e-01, -3.06465150e+01, -8.63198402e-14],
       [ 0.00000000e+00,  0.00000000e+00,  0.00000000e+00],
       [ 1.11830049e+01, -4.33747766e+01,  1.30784272e-13],
       [ 0.00000000e+00,  0.00000000e+00,  0.00000000e+00],
       [-6.40606163e+00, -4.56806331e+01, -5.58442181e-14],
       [-7.05138712e+00, -3.65806273e+01, -1.27675648e-13],
       [ 2.57332812e-01, -3.11208506e+01, -8.23785484e-14],
       [ 0.00000000e+00,  0.00000000e+00,  0.00000000e+00],
       [ 0.00000000e+00,  0.00000000e+00,  0.00000000e+00],
       [ 1.60000000e+00, -4.96186395e+01,  6.46149800e-14],
       [-6.03941170e+00, -4.54452098e+01, -5.31796829e-14],
       [-6.65518351e+00, -3.67619529e+01, -1.22013510e-13],
       [ 3.18822325e-01, -3.15522150e+01, -7.83817455e-14],
       [ 8.47073701e+00, -3.46058052e+01,  3.71924713e-14],
       [ 0.00000000e+00,  0.00000000e+00,  0.00000000e+00],
       [ 0.00000000e+00,  0.00000000e+00,  0.00000000e+00],
       [-5.70452215e+00, -4.52301797e+01, -5.08482145e-14],
       [-6.29330033e+00, -3.69275715e+01, -1.16462395e-13],
       [ 3.74985420e-01, -3.19462133e+01, -7.49400542e-14],
       [ 0.00000000e+00,  0.00000000e+00,  0.00000000e+00],
       [ 9.92409404e+00, -4.30023745e+01,  1.13686838e-13],
       [ 0.00000000e+00,  0.00000000e+00,  0.00000000e+00],
       [-5.39742290e+00, -4.50329936e+01, -4.87387908e-14],
       [-5.96144746e+00, -3.70794465e+01, -1.11577414e-13],
       [ 4.26487908e-01, -3.23075163e+01, -7.18314297e-14],
       [ 0.00000000e+00,  0.00000000e+00,  0.00000000e+00],
       [ 9.57412959e+00, -4.28988505e+01,  1.09023901e-13],
       [ 0.00000000e+00,  0.00000000e+00,  0.00000000e+00],
       [-5.11477904e+00, -4.48515100e+01, -4.67403893e-14],
       [-5.65602120e+00, -3.72192271e+01, -1.07136522e-13],
       [ 4.73889070e-01, -3.26400474e+01, -6.90558721e-14],
       [ 7.63914054e+00, -3.53240477e+01,  3.28626015e-14],
       [ 0.00000000e+00,  0.00000000e+00,  0.00000000e+00],
       [ 0.00000000e+00,  0.00000000e+00,  0.00000000e+00],
       [-4.85376876e+00, -4.46839173e+01, -4.48530102e-14],
       [-5.37397229e+00, -3.73483089e+01, -1.02917674e-13],
       [ 5.17662146e-01, -3.29471266e+01, -6.63913369e-14],
       [ 0.00000000e+00,  0.00000000e+00,  0.00000000e+00],
       [ 8.95459171e+00, -4.27155832e+01,  1.00475184e-13],
       [ 1.60000000e+00, -4.79222965e+01,  5.25135491e-14],
       [-4.61198826e+00, -4.45286718e+01, -4.32986980e-14],
       [-5.11270317e+00, -3.74678807e+01, -9.91429161e-14],
       [ 5.58210265e-01, -3.32315819e+01, -6.37268016e-14],
       [ 7.18694037e+00, -3.57146090e+01,  3.04201109e-14],
       [ 0.00000000e+00,  0.00000000e+00,  0.00000000e+00],
       [ 0.00000000e+00,  0.00000000e+00,  0.00000000e+00],
       [-4.38737717e+00, -4.43844507e+01, -4.17443857e-14],
       [-4.86998738e+00, -3.75789614e+01, -9.55902024e-14],
       [ 5.95878967e-01, -3.34958374e+01, -6.15063556e-14],
       [ 0.00000000e+00,  0.00000000e+00,  0.00000000e+00],
       [ 0.00000000e+00,  0.00000000e+00,  0.00000000e+00],
       [ 1.60000000e+00, -4.74067362e+01,  4.87387908e-14],
       [-4.17815927e+00, -4.42501134e+01, -4.03010958e-14],
       [-4.64390556e+00, -3.76824295e+01, -9.21485110e-14],
       [ 6.30966132e-01, -3.37419827e+01, -5.93969318e-14],
       [ 0.00000000e+00,  0.00000000e+00,  0.00000000e+00],
       [ 0.00000000e+00,  0.00000000e+00,  0.00000000e+00],
       [ 0.00000000e+00,  0.00000000e+00,  0.00000000e+00],
       [-3.98279521e+00, -4.41246716e+01, -3.87467836e-14],
       [-4.43279425e+00, -3.77790461e+01, -8.90398866e-14],
       [ 6.63729922e-01, -3.39718289e+01, -5.72875081e-14],
       [ 6.62105648e+00, -3.62033579e+01,  2.72004641e-14],
       [ 7.96204687e+00, -4.24219756e+01,  8.68194405e-14],
       [ 1.60000000e+00, -4.69572673e+01,  4.56301663e-14],
       [-3.79994422e+00, -4.40072643e+01, -3.75255382e-14],
       [-4.23520463e+00, -3.78694745e+01, -8.61533067e-14],
       [ 6.94395189e-01, -3.41869535e+01, -5.54001289e-14],
       [ 6.45660389e+00, -3.63453942e+01,  2.64233080e-14],
       [ 7.75367338e+00, -4.23603361e+01,  8.40438830e-14],
       [ 1.60000000e+00, -4.67534444e+01,  4.41868764e-14],
       [-3.62843316e+00, -4.38971383e+01, -3.64153152e-14],
       [-4.04986899e+00, -3.79542948e+01, -8.34887715e-14],
       [ 7.23158679e-01, -3.43887367e+01, -5.37347944e-14],
       [ 6.30235021e+00, -3.64786217e+01,  2.55351296e-14],
       [ 0.00000000e+00,  0.00000000e+00,  0.00000000e+00],
       [ 1.60000000e+00, -4.65618726e+01,  4.27435864e-14],
       [-3.46723108e+00, -4.37936317e+01, -3.51940699e-14],
       [-3.87567327e+00, -3.80340168e+01, -8.09352585e-14],
       [ 7.50193289e-01, -3.45783913e+01, -5.20694599e-14],
       [ 6.15736822e+00, -3.66038414e+01,  2.47579734e-14],
       [ 0.00000000e+00,  0.00000000e+00,  0.00000000e+00],
       [ 0.00000000e+00,  0.00000000e+00,  0.00000000e+00],
       [-3.31542829e+00, -4.36961602e+01, -3.41948692e-14],
       [-3.71163448e+00, -3.81090904e+01, -7.84927678e-14],
       [ 7.75651576e-01, -3.47569876e+01, -5.04041253e-14],
       [ 0.00000000e+00,  0.00000000e+00,  0.00000000e+00],
       [ 0.00000000e+00,  0.00000000e+00,  0.00000000e+00],
       [ 0.00000000e+00,  0.00000000e+00,  0.00000000e+00],
       [-3.17221910e+00, -4.36042066e+01, -3.30846461e-14],
       [-3.55688197e+00, -3.81799140e+01, -7.62723218e-14],
       [ 7.99668664e-01, -3.49254736e+01, -4.89608354e-14],
       [ 5.89204023e+00, -3.68330028e+01,  2.32036612e-14],
       [ 7.03832981e+00, -4.21487282e+01,  7.42739203e-14]]), 'ray_origin': array([[  1.6 , -40.54,   1.  ],
       [  1.6 , -40.54,   1.  ],
       [  1.6 , -40.54,   1.  ],
       [  1.6 , -40.54,   1.  ],
       [  1.6 , -40.54,   1.  ],
       [  1.6 , -40.54,   1.  ],
       [  1.6 , -40.54,   1.  ],
       [  1.6 , -40.54,   1.  ],
       [  1.6 , -40.54,   1.  ],
       [  1.6 , -40.54,   1.  ],
       [  1.6 , -40.54,   1.  ],
       [  1.6 , -40.54,   1.  ],
       [  1.6 , -40.54,   1.  ],
       [  1.6 , -40.54,   1.  ],
       [  1.6 , -40.54,   1.  ],
       [  1.6 , -40.54,   1.  ],
       [  1.6 , -40.54,   1.  ],
       [  1.6 , -40.54,   1.  ],
       [  1.6 , -40.54,   1.  ],
       [  1.6 , -40.54,   1.  ],
       [  1.6 , -40.54,   1.  ],
       [  1.6 , -40.54,   1.  ],
       [  1.6 , -40.54,   1.  ],
       [  1.6 , -40.54,   1.  ],
       [  1.6 , -40.54,   1.  ],
       [  1.6 , -40.54,   1.  ],
       [  1.6 , -40.54,   1.  ],
       [  1.6 , -40.54,   1.  ],
       [  1.6 , -40.54,   1.  ],
       [  1.6 , -40.54,   1.  ],
       [  1.6 , -40.54,   1.  ],
       [  1.6 , -40.54,   1.  ],
       [  1.6 , -40.54,   1.  ],
       [  1.6 , -40.54,   1.  ],
       [  1.6 , -40.54,   1.  ],
       [  1.6 , -40.54,   1.  ],
       [  1.6 , -40.54,   1.  ],
       [  1.6 , -40.54,   1.  ],
       [  1.6 , -40.54,   1.  ],
       [  1.6 , -40.54,   1.  ],
       [  1.6 , -40.54,   1.  ],
       [  1.6 , -40.54,   1.  ],
       [  1.6 , -40.54,   1.  ],
       [  1.6 , -40.54,   1.  ],
       [  1.6 , -40.54,   1.  ],
       [  1.6 , -40.54,   1.  ],
       [  1.6 , -40.54,   1.  ],
       [  1.6 , -40.54,   1.  ],
       [  1.6 , -40.54,   1.  ],
       [  1.6 , -40.54,   1.  ],
       [  1.6 , -40.54,   1.  ],
       [  1.6 , -40.54,   1.  ],
       [  1.6 , -40.54,   1.  ],
       [  1.6 , -40.54,   1.  ],
       [  1.6 , -40.54,   1.  ],
       [  1.6 , -40.54,   1.  ],
       [  1.6 , -40.54,   1.  ],
       [  1.6 , -40.54,   1.  ],
       [  1.6 , -40.54,   1.  ],
       [  1.6 , -40.54,   1.  ],
       [  1.6 , -40.54,   1.  ],
       [  1.6 , -40.54,   1.  ],
       [  1.6 , -40.54,   1.  ],
       [  1.6 , -40.54,   1.  ],
       [  1.6 , -40.54,   1.  ],
       [  1.6 , -40.54,   1.  ],
       [  1.6 , -40.54,   1.  ],
       [  1.6 , -40.54,   1.  ],
       [  1.6 , -40.54,   1.  ],
       [  1.6 , -40.54,   1.  ],
       [  1.6 , -40.54,   1.  ],
       [  1.6 , -40.54,   1.  ],
       [  1.6 , -40.54,   1.  ],
       [  1.6 , -40.54,   1.  ],
       [  1.6 , -40.54,   1.  ],
       [  1.6 , -40.54,   1.  ],
       [  1.6 , -40.54,   1.  ],
       [  1.6 , -40.54,   1.  ],
       [  1.6 , -40.54,   1.  ],
       [  1.6 , -40.54,   1.  ],
       [  1.6 , -40.54,   1.  ],
       [  1.6 , -40.54,   1.  ],
       [  1.6 , -40.54,   1.  ],
       [  1.6 , -40.54,   1.  ],
       [  1.6 , -40.54,   1.  ],
       [  1.6 , -40.54,   1.  ],
       [  1.6 , -40.54,   1.  ],
       [  1.6 , -40.54,   1.  ],
       [  1.6 , -40.54,   1.  ],
       [  1.6 , -40.54,   1.  ],
       [  1.6 , -40.54,   1.  ],
       [  1.6 , -40.54,   1.  ],
       [  1.6 , -40.54,   1.  ],
       [  1.6 , -40.54,   1.  ],
       [  1.6 , -40.54,   1.  ],
       [  1.6 , -40.54,   1.  ],
       [  1.6 , -40.54,   1.  ],
       [  1.6 , -40.54,   1.  ],
       [  1.6 , -40.54,   1.  ],
       [  1.6 , -40.54,   1.  ],
       [  1.6 , -40.54,   1.  ],
       [  1.6 , -40.54,   1.  ],
       [  1.6 , -40.54,   1.  ],
       [  1.6 , -40.54,   1.  ],
       [  1.6 , -40.54,   1.  ],
       [  1.6 , -40.54,   1.  ],
       [  1.6 , -40.54,   1.  ],
       [  1.6 , -40.54,   1.  ],
       [  1.6 , -40.54,   1.  ],
       [  1.6 , -40.54,   1.  ],
       [  1.6 , -40.54,   1.  ],
       [  1.6 , -40.54,   1.  ],
       [  1.6 , -40.54,   1.  ],
       [  1.6 , -40.54,   1.  ],
       [  1.6 , -40.54,   1.  ],
       [  1.6 , -40.54,   1.  ],
       [  1.6 , -40.54,   1.  ],
       [  1.6 , -40.54,   1.  ],
       [  1.6 , -40.54,   1.  ],
       [  1.6 , -40.54,   1.  ],
       [  1.6 , -40.54,   1.  ],
       [  1.6 , -40.54,   1.  ],
       [  1.6 , -40.54,   1.  ],
       [  1.6 , -40.54,   1.  ],
       [  1.6 , -40.54,   1.  ],
       [  1.6 , -40.54,   1.  ],
       [  1.6 , -40.54,   1.  ],
       [  1.6 , -40.54,   1.  ],
       [  1.6 , -40.54,   1.  ],
       [  1.6 , -40.54,   1.  ],
       [  1.6 , -40.54,   1.  ],
       [  1.6 , -40.54,   1.  ],
       [  1.6 , -40.54,   1.  ],
       [  1.6 , -40.54,   1.  ],
       [  1.6 , -40.54,   1.  ],
       [  1.6 , -40.54,   1.  ],
       [  1.6 , -40.54,   1.  ],
       [  1.6 , -40.54,   1.  ],
       [  1.6 , -40.54,   1.  ],
       [  1.6 , -40.54,   1.  ],
       [  1.6 , -40.54,   1.  ],
       [  1.6 , -40.54,   1.  ],
       [  1.6 , -40.54,   1.  ],
       [  1.6 , -40.54,   1.  ],
       [  1.6 , -40.54,   1.  ],
       [  1.6 , -40.54,   1.  ],
       [  1.6 , -40.54,   1.  ],
       [  1.6 , -40.54,   1.  ],
       [  1.6 , -40.54,   1.  ],
       [  1.6 , -40.54,   1.  ],
       [  1.6 , -40.54,   1.  ],
       [  1.6 , -40.54,   1.  ],
       [  1.6 , -40.54,   1.  ],
       [  1.6 , -40.54,   1.  ],
       [  1.6 , -40.54,   1.  ],
       [  1.6 , -40.54,   1.  ],
       [  1.6 , -40.54,   1.  ],
       [  1.6 , -40.54,   1.  ],
       [  1.6 , -40.54,   1.  ],
       [  1.6 , -40.54,   1.  ],
       [  1.6 , -40.54,   1.  ],
       [  1.6 , -40.54,   1.  ],
       [  1.6 , -40.54,   1.  ],
       [  1.6 , -40.54,   1.  ],
       [  1.6 , -40.54,   1.  ],
       [  1.6 , -40.54,   1.  ],
       [  1.6 , -40.54,   1.  ],
       [  1.6 , -40.54,   1.  ],
       [  1.6 , -40.54,   1.  ],
       [  1.6 , -40.54,   1.  ],
       [  1.6 , -40.54,   1.  ],
       [  1.6 , -40.54,   1.  ],
       [  1.6 , -40.54,   1.  ],
       [  1.6 , -40.54,   1.  ],
       [  1.6 , -40.54,   1.  ],
       [  1.6 , -40.54,   1.  ],
       [  1.6 , -40.54,   1.  ],
       [  1.6 , -40.54,   1.  ],
       [  1.6 , -40.54,   1.  ],
       [  1.6 , -40.54,   1.  ],
       [  1.6 , -40.54,   1.  ],
       [  1.6 , -40.54,   1.  ],
       [  1.6 , -40.54,   1.  ],
       [  1.6 , -40.54,   1.  ],
       [  1.6 , -40.54,   1.  ],
       [  1.6 , -40.54,   1.  ],
       [  1.6 , -40.54,   1.  ],
       [  1.6 , -40.54,   1.  ],
       [  1.6 , -40.54,   1.  ],
       [  1.6 , -40.54,   1.  ],
       [  1.6 , -40.54,   1.  ],
       [  1.6 , -40.54,   1.  ],
       [  1.6 , -40.54,   1.  ],
       [  1.6 , -40.54,   1.  ],
       [  1.6 , -40.54,   1.  ],
       [  1.6 , -40.54,   1.  ],
       [  1.6 , -40.54,   1.  ],
       [  1.6 , -40.54,   1.  ],
       [  1.6 , -40.54,   1.  ],
       [  1.6 , -40.54,   1.  ],
       [  1.6 , -40.54,   1.  ],
       [  1.6 , -40.54,   1.  ],
       [  1.6 , -40.54,   1.  ],
       [  1.6 , -40.54,   1.  ],
       [  1.6 , -40.54,   1.  ],
       [  1.6 , -40.54,   1.  ],
       [  1.6 , -40.54,   1.  ],
       [  1.6 , -40.54,   1.  ],
       [  1.6 , -40.54,   1.  ],
       [  1.6 , -40.54,   1.  ],
       [  1.6 , -40.54,   1.  ],
       [  1.6 , -40.54,   1.  ],
       [  1.6 , -40.54,   1.  ],
       [  1.6 , -40.54,   1.  ],
       [  1.6 , -40.54,   1.  ],
       [  1.6 , -40.54,   1.  ],
       [  1.6 , -40.54,   1.  ],
       [  1.6 , -40.54,   1.  ],
       [  1.6 , -40.54,   1.  ],
       [  1.6 , -40.54,   1.  ],
       [  1.6 , -40.54,   1.  ],
       [  1.6 , -40.54,   1.  ],
       [  1.6 , -40.54,   1.  ],
       [  1.6 , -40.54,   1.  ],
       [  1.6 , -40.54,   1.  ],
       [  1.6 , -40.54,   1.  ],
       [  1.6 , -40.54,   1.  ],
       [  1.6 , -40.54,   1.  ],
       [  1.6 , -40.54,   1.  ],
       [  1.6 , -40.54,   1.  ],
       [  1.6 , -40.54,   1.  ],
       [  1.6 , -40.54,   1.  ],
       [  1.6 , -40.54,   1.  ],
       [  1.6 , -40.54,   1.  ],
       [  1.6 , -40.54,   1.  ],
       [  1.6 , -40.54,   1.  ],
       [  1.6 , -40.54,   1.  ],
       [  1.6 , -40.54,   1.  ],
       [  1.6 , -40.54,   1.  ],
       [  1.6 , -40.54,   1.  ],
       [  1.6 , -40.54,   1.  ],
       [  1.6 , -40.54,   1.  ],
       [  1.6 , -40.54,   1.  ],
       [  1.6 , -40.54,   1.  ],
       [  1.6 , -40.54,   1.  ],
       [  1.6 , -40.54,   1.  ],
       [  1.6 , -40.54,   1.  ],
       [  1.6 , -40.54,   1.  ],
       [  1.6 , -40.54,   1.  ],
       [  1.6 , -40.54,   1.  ],
       [  1.6 , -40.54,   1.  ],
       [  1.6 , -40.54,   1.  ],
       [  1.6 , -40.54,   1.  ],
       [  1.6 , -40.54,   1.  ],
       [  1.6 , -40.54,   1.  ],
       [  1.6 , -40.54,   1.  ],
       [  1.6 , -40.54,   1.  ],
       [  1.6 , -40.54,   1.  ],
       [  1.6 , -40.54,   1.  ],
       [  1.6 , -40.54,   1.  ],
       [  1.6 , -40.54,   1.  ],
       [  1.6 , -40.54,   1.  ],
       [  1.6 , -40.54,   1.  ],
       [  1.6 , -40.54,   1.  ],
       [  1.6 , -40.54,   1.  ],
       [  1.6 , -40.54,   1.  ],
       [  1.6 , -40.54,   1.  ],
       [  1.6 , -40.54,   1.  ],
       [  1.6 , -40.54,   1.  ],
       [  1.6 , -40.54,   1.  ],
       [  1.6 , -40.54,   1.  ],
       [  1.6 , -40.54,   1.  ],
       [  1.6 , -40.54,   1.  ],
       [  1.6 , -40.54,   1.  ],
       [  1.6 , -40.54,   1.  ],
       [  1.6 , -40.54,   1.  ],
       [  1.6 , -40.54,   1.  ],
       [  1.6 , -40.54,   1.  ],
       [  1.6 , -40.54,   1.  ],
       [  1.6 , -40.54,   1.  ],
       [  1.6 , -40.54,   1.  ],
       [  1.6 , -40.54,   1.  ],
       [  1.6 , -40.54,   1.  ],
       [  1.6 , -40.54,   1.  ],
       [  1.6 , -40.54,   1.  ],
       [  1.6 , -40.54,   1.  ],
       [  1.6 , -40.54,   1.  ],
       [  1.6 , -40.54,   1.  ],
       [  1.6 , -40.54,   1.  ],
       [  1.6 , -40.54,   1.  ],
       [  1.6 , -40.54,   1.  ],
       [  1.6 , -40.54,   1.  ],
       [  1.6 , -40.54,   1.  ],
       [  1.6 , -40.54,   1.  ],
       [  1.6 , -40.54,   1.  ],
       [  1.6 , -40.54,   1.  ],
       [  1.6 , -40.54,   1.  ],
       [  1.6 , -40.54,   1.  ],
       [  1.6 , -40.54,   1.  ],
       [  1.6 , -40.54,   1.  ]]), 'ray_vector': array([[ 1.60000000e+00, -6.04912810e+01,  2.39512947e+00],
       [-1.51884241e+01, -5.13197231e+01,  2.39512947e+00],
       [-1.65416485e+01, -3.22373375e+01,  2.39512947e+00],
       [-1.21552494e+00, -2.07883815e+01,  2.39512947e+00],
       [ 1.66991792e+01, -2.74989724e+01,  2.39512947e+00],
       [ 2.07317677e+01, -4.61994240e+01,  2.39512947e+00],
       [ 1.60000000e+00, -6.04979899e+01,  2.29562239e+00],
       [-1.51940695e+01, -5.13233480e+01,  2.29562239e+00],
       [-1.65477489e+01, -3.22345456e+01,  2.29562239e+00],
       [-1.21647170e+00, -2.07817397e+01,  2.29562239e+00],
       [ 1.67042566e+01, -2.74945872e+01,  2.29562239e+00],
       [ 2.07382010e+01, -4.62013270e+01,  2.29562239e+00],
       [ 1.60000000e+00, -6.05042026e+01,  2.19608308e+00],
       [-1.51992972e+01, -5.13267047e+01,  2.19608308e+00],
       [-1.65533980e+01, -3.22319602e+01,  2.19608308e+00],
       [-1.21734843e+00, -2.07755892e+01,  2.19608308e+00],
       [ 1.67089583e+01, -2.74905263e+01,  2.19608308e+00],
       [ 2.07441585e+01, -4.62030893e+01,  2.19608308e+00],
       [ 1.60000000e+00, -6.05099188e+01,  2.09651403e+00],
       [-1.52041072e+01, -5.13297932e+01,  2.09651403e+00],
       [-1.65585958e+01, -3.22295815e+01,  2.09651403e+00],
       [-1.21815510e+00, -2.07699302e+01,  2.09651403e+00],
       [ 1.67132844e+01, -2.74867900e+01,  2.09651403e+00],
       [ 2.07496399e+01, -4.62047108e+01,  2.09651403e+00],
       [ 1.60000000e+00, -6.05151384e+01,  1.99691771e+00],
       [-1.52084994e+01, -5.13326134e+01,  1.99691771e+00],
       [-1.65633420e+01, -3.22274093e+01,  1.99691771e+00],
       [-1.21889170e+00, -2.07647628e+01,  1.99691771e+00],
       [ 1.67172346e+01, -2.74833782e+01,  1.99691771e+00],
       [ 2.07546451e+01, -4.62061914e+01,  1.99691771e+00],
       [ 1.60000000e+00, -6.05198613e+01,  1.89729661e+00],
       [-1.52124736e+01, -5.13351651e+01,  1.89729661e+00],
       [-1.65676365e+01, -3.22254439e+01,  1.89729661e+00],
       [-1.21955819e+00, -2.07600872e+01,  1.89729661e+00],
       [ 1.67208089e+01, -2.74802911e+01,  1.89729661e+00],
       [ 2.07591740e+01, -4.62075311e+01,  1.89729661e+00],
       [ 1.60000000e+00, -6.05240874e+01,  1.79765319e+00],
       [-1.52160297e+01, -5.13374485e+01,  1.79765319e+00],
       [-1.65714793e+01, -3.22236852e+01,  1.79765319e+00],
       [-1.22015458e+00, -2.07559034e+01,  1.79765319e+00],
       [ 1.67240072e+01, -2.74775287e+01,  1.79765319e+00],
       [ 2.07632265e+01, -4.62087299e+01,  1.79765319e+00],
       [ 1.60000000e+00, -6.05278165e+01,  1.69798993e+00],
       [-1.52191677e+01, -5.13394634e+01,  1.69798993e+00],
       [-1.65748701e+01, -3.22221334e+01,  1.69798993e+00],
       [-1.22068083e+00, -2.07522116e+01,  1.69798993e+00],
       [ 1.67268294e+01, -2.74750912e+01,  1.69798993e+00],
       [ 2.07668025e+01, -4.62097877e+01,  1.69798993e+00],
       [ 1.60000000e+00, -6.05310486e+01,  1.59830932e+00],
       [-1.52218874e+01, -5.13412097e+01,  1.59830932e+00],
       [-1.65778091e+01, -3.22207883e+01,  1.59830932e+00],
       [-1.22113695e+00, -2.07490118e+01,  1.59830932e+00],
       [ 1.67292755e+01, -2.74729786e+01,  1.59830932e+00],
       [ 2.07699018e+01, -4.62107045e+01,  1.59830932e+00],
       [ 1.60000000e+00, -6.05337836e+01,  1.49861383e+00],
       [-1.52241888e+01, -5.13426874e+01,  1.49861383e+00],
       [-1.65802960e+01, -3.22196502e+01,  1.49861383e+00],
       [-1.22152291e+00, -2.07463042e+01,  1.49861383e+00],
       [ 1.67313453e+01, -2.74711909e+01,  1.49861383e+00],
       [ 2.07725245e+01, -4.62114804e+01,  1.49861383e+00],
       [ 1.60000000e+00, -6.05360215e+01,  1.39890595e+00],
       [-1.52260719e+01, -5.13438965e+01,  1.39890595e+00],
       [-1.65823309e+01, -3.22187189e+01,  1.39890595e+00],
       [-1.22183871e+00, -2.07440888e+01,  1.39890595e+00],
       [ 1.67330389e+01, -2.74697281e+01,  1.39890595e+00],
       [ 2.07746704e+01, -4.62121151e+01,  1.39890595e+00],
       [ 1.60000000e+00, -6.05377620e+01,  1.29918814e+00],
       [-1.52275365e+01, -5.13448369e+01,  1.29918814e+00],
       [-1.65839136e+01, -3.22179946e+01,  1.29918814e+00],
       [-1.22208434e+00, -2.07423656e+01,  1.29918814e+00],
       [ 1.67343562e+01, -2.74685904e+01,  1.29918814e+00],
       [ 2.07763395e+01, -4.62126089e+01,  1.29918814e+00],
       [ 1.60000000e+00, -6.05390053e+01,  1.19946289e+00],
       [-1.52285827e+01, -5.13455087e+01,  1.19946289e+00],
       [-1.65850441e+01, -3.22174772e+01,  1.19946289e+00],
       [-1.22225979e+00, -2.07411348e+01,  1.19946289e+00],
       [ 1.67352971e+01, -2.74677777e+01,  1.19946289e+00],
       [ 2.07775317e+01, -4.62129616e+01,  1.19946289e+00],
       [ 1.60000000e+00, -6.05397513e+01,  1.09973269e+00],
       [-1.52292105e+01, -5.13459118e+01,  1.09973269e+00],
       [-1.65857224e+01, -3.22171668e+01,  1.09973269e+00],
       [-1.22236507e+00, -2.07403962e+01,  1.09973269e+00],
       [ 1.67358617e+01, -2.74672901e+01,  1.09973269e+00],
       [ 2.07782470e+01, -4.62131732e+01,  1.09973269e+00],
       [ 1.60000000e+00, -6.05400000e+01,  1.00000000e+00],
       [-1.52294197e+01, -5.13460461e+01,  1.00000000e+00],
       [-1.65859485e+01, -3.22170633e+01,  1.00000000e+00],
       [-1.22240016e+00, -2.07401501e+01,  1.00000000e+00],
       [ 1.67360499e+01, -2.74671276e+01,  1.00000000e+00],
       [ 2.07784855e+01, -4.62132437e+01,  1.00000000e+00],
       [ 1.60000000e+00, -6.05397513e+01,  9.00267313e-01],
       [-1.52292105e+01, -5.13459118e+01,  9.00267313e-01],
       [-1.65857224e+01, -3.22171668e+01,  9.00267313e-01],
       [-1.22236507e+00, -2.07403962e+01,  9.00267313e-01],
       [ 1.67358617e+01, -2.74672901e+01,  9.00267313e-01],
       [ 2.07782470e+01, -4.62131732e+01,  9.00267313e-01],
       [ 1.60000000e+00, -6.05390053e+01,  8.00537106e-01],
       [-1.52285827e+01, -5.13455087e+01,  8.00537106e-01],
       [-1.65850441e+01, -3.22174772e+01,  8.00537106e-01],
       [-1.22225979e+00, -2.07411348e+01,  8.00537106e-01],
       [ 1.67352971e+01, -2.74677777e+01,  8.00537106e-01],
       [ 2.07775317e+01, -4.62129616e+01,  8.00537106e-01],
       [ 1.60000000e+00, -6.05377620e+01,  7.00811860e-01],
       [-1.52275365e+01, -5.13448369e+01,  7.00811860e-01],
       [-1.65839136e+01, -3.22179946e+01,  7.00811860e-01],
       [-1.22208434e+00, -2.07423656e+01,  7.00811860e-01],
       [ 1.67343562e+01, -2.74685904e+01,  7.00811860e-01],
       [ 2.07763395e+01, -4.62126089e+01,  7.00811860e-01],
       [ 1.60000000e+00, -6.05360215e+01,  6.01094053e-01],
       [-1.52260719e+01, -5.13438965e+01,  6.01094053e-01],
       [-1.65823309e+01, -3.22187189e+01,  6.01094053e-01],
       [-1.22183871e+00, -2.07440888e+01,  6.01094053e-01],
       [ 1.67330389e+01, -2.74697281e+01,  6.01094053e-01],
       [ 2.07746704e+01, -4.62121151e+01,  6.01094053e-01],
       [ 1.60000000e+00, -6.05337836e+01,  5.01386165e-01],
       [-1.52241888e+01, -5.13426874e+01,  5.01386165e-01],
       [-1.65802960e+01, -3.22196502e+01,  5.01386165e-01],
       [-1.22152291e+00, -2.07463042e+01,  5.01386165e-01],
       [ 1.67313453e+01, -2.74711909e+01,  5.01386165e-01],
       [ 2.07725245e+01, -4.62114804e+01,  5.01386165e-01],
       [ 1.60000000e+00, -6.05310486e+01,  4.01690677e-01],
       [-1.52218874e+01, -5.13412097e+01,  4.01690677e-01],
       [-1.65778091e+01, -3.22207883e+01,  4.01690677e-01],
       [-1.22113695e+00, -2.07490118e+01,  4.01690677e-01],
       [ 1.67292755e+01, -2.74729786e+01,  4.01690677e-01],
       [ 2.07699018e+01, -4.62107045e+01,  4.01690677e-01],
       [ 1.60000000e+00, -6.05278165e+01,  3.02010066e-01],
       [-1.52191677e+01, -5.13394634e+01,  3.02010066e-01],
       [-1.65748701e+01, -3.22221334e+01,  3.02010066e-01],
       [-1.22068083e+00, -2.07522116e+01,  3.02010066e-01],
       [ 1.67268294e+01, -2.74750912e+01,  3.02010066e-01],
       [ 2.07668025e+01, -4.62097877e+01,  3.02010066e-01],
       [ 1.60000000e+00, -6.05240874e+01,  2.02346812e-01],
       [-1.52160297e+01, -5.13374485e+01,  2.02346812e-01],
       [-1.65714793e+01, -3.22236852e+01,  2.02346812e-01],
       [-1.22015458e+00, -2.07559034e+01,  2.02346812e-01],
       [ 1.67240072e+01, -2.74775287e+01,  2.02346812e-01],
       [ 2.07632265e+01, -4.62087299e+01,  2.02346812e-01],
       [ 1.60000000e+00, -6.05198613e+01,  1.02703393e-01],
       [-1.52124736e+01, -5.13351651e+01,  1.02703393e-01],
       [-1.65676365e+01, -3.22254439e+01,  1.02703393e-01],
       [-1.21955819e+00, -2.07600872e+01,  1.02703393e-01],
       [ 1.67208089e+01, -2.74802911e+01,  1.02703393e-01],
       [ 2.07591740e+01, -4.62075311e+01,  1.02703393e-01],
       [ 1.60000000e+00, -6.05151384e+01,  3.08228679e-03],
       [-1.52084994e+01, -5.13326134e+01,  3.08228679e-03],
       [-1.65633420e+01, -3.22274093e+01,  3.08228679e-03],
       [-1.21889170e+00, -2.07647628e+01,  3.08228679e-03],
       [ 1.67172346e+01, -2.74833782e+01,  3.08228679e-03],
       [ 2.07546451e+01, -4.62061914e+01,  3.08228679e-03],
       [ 1.60000000e+00, -6.05099188e+01, -9.65140294e-02],
       [-1.52041072e+01, -5.13297932e+01, -9.65140294e-02],
       [-1.65585958e+01, -3.22295815e+01, -9.65140294e-02],
       [-1.21815510e+00, -2.07699302e+01, -9.65140294e-02],
       [ 1.67132844e+01, -2.74867900e+01, -9.65140294e-02],
       [ 2.07496399e+01, -4.62047108e+01, -9.65140294e-02],
       [ 1.60000000e+00, -6.05042026e+01, -1.96083079e-01],
       [-1.51992972e+01, -5.13267047e+01, -1.96083079e-01],
       [-1.65533980e+01, -3.22319602e+01, -1.96083079e-01],
       [-1.21734843e+00, -2.07755892e+01, -1.96083079e-01],
       [ 1.67089583e+01, -2.74905263e+01, -1.96083079e-01],
       [ 2.07441585e+01, -4.62030893e+01, -1.96083079e-01],
       [ 1.60000000e+00, -6.04979899e+01, -2.95622386e-01],
       [-1.51940695e+01, -5.13233480e+01, -2.95622386e-01],
       [-1.65477489e+01, -3.22345456e+01, -2.95622386e-01],
       [-1.21647170e+00, -2.07817397e+01, -2.95622386e-01],
       [ 1.67042566e+01, -2.74945872e+01, -2.95622386e-01],
       [ 2.07382010e+01, -4.62013270e+01, -2.95622386e-01],
       [ 1.60000000e+00, -6.04912810e+01, -3.95129475e-01],
       [-1.51884241e+01, -5.13197231e+01, -3.95129475e-01],
       [-1.65416485e+01, -3.22373375e+01, -3.95129475e-01],
       [-1.21552494e+00, -2.07883815e+01, -3.95129475e-01],
       [ 1.66991792e+01, -2.74989724e+01, -3.95129475e-01],
       [ 2.07317677e+01, -4.61994240e+01, -3.95129475e-01],
       [ 1.60000000e+00, -6.04840759e+01, -4.94601872e-01],
       [-1.51823612e+01, -5.13158302e+01, -4.94601872e-01],
       [-1.65350969e+01, -3.22403359e+01, -4.94601872e-01],
       [-1.21450816e+00, -2.07955145e+01, -4.94601872e-01],
       [ 1.66937264e+01, -2.75036820e+01, -4.94601872e-01],
       [ 2.07248586e+01, -4.61973802e+01, -4.94601872e-01],
       [ 1.60000000e+00, -6.04763749e+01, -5.94037103e-01],
       [-1.51758811e+01, -5.13116694e+01, -5.94037103e-01],
       [-1.65280944e+01, -3.22435406e+01, -5.94037103e-01],
       [-1.21342139e+00, -2.08031384e+01, -5.94037103e-01],
       [ 1.66878983e+01, -2.75087157e+01, -5.94037103e-01],
       [ 2.07174739e+01, -4.61951957e+01, -5.94037103e-01],
       [ 1.60000000e+00, -6.04681782e+01, -6.93432695e-01],
       [-1.51689837e+01, -5.13072406e+01, -6.93432695e-01],
       [-1.65206411e+01, -3.22469517e+01, -6.93432695e-01],
       [-1.21226467e+00, -2.08112531e+01, -6.93432695e-01],
       [ 1.66816950e+01, -2.75140735e+01, -6.93432695e-01],
       [ 2.07096138e+01, -4.61928706e+01, -6.93432695e-01],
       [ 1.60000000e+00, -6.04594859e+01, -7.92786178e-01],
       [-1.51616694e+01, -5.13025442e+01, -7.92786178e-01],
       [-1.65127373e+01, -3.22505690e+01, -7.92786178e-01],
       [-1.21103801e+00, -2.08198584e+01, -7.92786178e-01],
       [ 1.66751166e+01, -2.75197551e+01, -7.92786178e-01],
       [ 2.07012785e+01, -4.61904049e+01, -7.92786178e-01],
       [ 1.60000000e+00, -6.04502982e+01, -8.92095080e-01],
       [-1.51539383e+01, -5.12975801e+01, -8.92095080e-01],
       [-1.65043830e+01, -3.22543924e+01, -8.92095080e-01],
       [-1.20974145e+00, -2.08289541e+01, -8.92095080e-01],
       [ 1.66681634e+01, -2.75257606e+01, -8.92095080e-01],
       [ 2.06924683e+01, -4.61877987e+01, -8.92095080e-01],
       [ 1.60000000e+00, -6.04406155e+01, -9.91356932e-01],
       [-1.51457905e+01, -5.12923484e+01, -9.91356932e-01],
       [-1.64955785e+01, -3.22584218e+01, -9.91356932e-01],
       [-1.20837502e+00, -2.08385400e+01, -9.91356932e-01],
       [ 1.66608355e+01, -2.75320896e+01, -9.91356932e-01],
       [ 2.06831833e+01, -4.61850521e+01, -9.91356932e-01],
       [ 1.60000000e+00, -6.04304379e+01, -1.09056927e+00],
       [-1.51372264e+01, -5.12868495e+01, -1.09056927e+00],
       [-1.64863240e+01, -3.22626572e+01, -1.09056927e+00],
       [-1.20693876e+00, -2.08486157e+01, -1.09056927e+00],
       [ 1.66531330e+01, -2.75387421e+01, -1.09056927e+00],
       [ 2.06734237e+01, -4.61821651e+01, -1.09056927e+00],
       [ 1.60000000e+00, -6.04197657e+01, -1.18972961e+00],
       [-1.51282460e+01, -5.12810832e+01, -1.18972961e+00],
       [-1.64766198e+01, -3.22670984e+01, -1.18972961e+00],
       [-1.20543270e+00, -2.08591811e+01, -1.18972961e+00],
       [ 1.66450563e+01, -2.75457180e+01, -1.18972961e+00],
       [ 2.06631899e+01, -4.61791378e+01, -1.18972961e+00],
       [ 1.60000000e+00, -6.04085991e+01, -1.28883551e+00],
       [-1.51188497e+01, -5.12750499e+01, -1.28883551e+00],
       [-1.64664661e+01, -3.22717453e+01, -1.28883551e+00],
       [-1.20385687e+00, -2.08702359e+01, -1.28883551e+00],
       [ 1.66366054e+01, -2.75530169e+01, -1.28883551e+00],
       [ 2.06524820e+01, -4.61759703e+01, -1.28883551e+00],
       [ 1.60000000e+00, -6.03969385e+01, -1.38788449e+00],
       [-1.51090376e+01, -5.12687497e+01, -1.38788449e+00],
       [-1.64558631e+01, -3.22765978e+01, -1.38788449e+00],
       [-1.20221132e+00, -2.08817799e+01, -1.38788449e+00],
       [ 1.66277806e+01, -2.75606388e+01, -1.38788449e+00],
       [ 2.06413004e+01, -4.61726626e+01, -1.38788449e+00],
       [ 1.60000000e+00, -6.03847841e+01, -1.48687409e+00],
       [-1.50988100e+01, -5.12621826e+01, -1.48687409e+00],
       [-1.64448111e+01, -3.22816559e+01, -1.48687409e+00],
       [-1.20049610e+00, -2.08938126e+01, -1.48687409e+00],
       [ 1.66185821e+01, -2.75685834e+01, -1.48687409e+00],
       [ 2.06296452e+01, -4.61692148e+01, -1.48687409e+00],
       [ 1.60000000e+00, -6.03721363e+01, -1.58580185e+00],
       [-1.50881672e+01, -5.12553490e+01, -1.58580185e+00],
       [-1.64333105e+01, -3.22869192e+01, -1.58580185e+00],
       [-1.19871123e+00, -2.09063339e+01, -1.58580185e+00],
       [ 1.66090102e+01, -2.75768506e+01, -1.58580185e+00],
       [ 2.06175169e+01, -4.61656271e+01, -1.58580185e+00],
       [ 1.60000000e+00, -6.03589952e+01, -1.68466532e+00],
       [-1.50771094e+01, -5.12482488e+01, -1.68466532e+00],
       [-1.64213614e+01, -3.22923878e+01, -1.68466532e+00],
       [-1.19685677e+00, -2.09193434e+01, -1.68466532e+00],
       [ 1.65990650e+01, -2.75854402e+01, -1.68466532e+00],
       [ 2.06049156e+01, -4.61618995e+01, -1.68466532e+00],
       [ 1.60000000e+00, -6.03453614e+01, -1.78346202e+00],
       [-1.50656369e+01, -5.12408824e+01, -1.78346202e+00],
       [-1.64089641e+01, -3.22980615e+01, -1.78346202e+00],
       [-1.19493276e+00, -2.09328408e+01, -1.78346202e+00],
       [ 1.65887469e+01, -2.75943519e+01, -1.78346202e+00],
       [ 2.05918418e+01, -4.61580321e+01, -1.78346202e+00],
       [ 1.60000000e+00, -6.03312350e+01, -1.88218951e+00],
       [-1.50537500e+01, -5.12332499e+01, -1.88218951e+00],
       [-1.63961191e+01, -3.23039402e+01, -1.88218951e+00],
       [-1.19293925e+00, -2.09468258e+01, -1.88218951e+00],
       [ 1.65780560e+01, -2.76035855e+01, -1.88218951e+00],
       [ 2.05782957e+01, -4.61540250e+01, -1.88218951e+00],
       [ 1.60000000e+00, -6.03166165e+01, -1.98084532e+00],
       [-1.50414490e+01, -5.12253515e+01, -1.98084532e+00],
       [-1.63828265e+01, -3.23100236e+01, -1.98084532e+00],
       [-1.19087628e+00, -2.09612980e+01, -1.98084532e+00],
       [ 1.65669927e+01, -2.76131408e+01, -1.98084532e+00],
       [ 2.05642777e+01, -4.61498783e+01, -1.98084532e+00],
       [ 1.60000000e+00, -6.03015062e+01, -2.07942702e+00],
       [-1.50287341e+01, -5.12171874e+01, -2.07942702e+00],
       [-1.63690868e+01, -3.23163117e+01, -2.07942702e+00],
       [-1.18874392e+00, -2.09762571e+01, -2.07942702e+00],
       [ 1.65555572e+01, -2.76230175e+01, -2.07942702e+00],
       [ 2.05497880e+01, -4.61455921e+01, -2.07942702e+00],
       [ 1.60000000e+00, -6.02859046e+01, -2.17793213e+00],
       [-1.50156058e+01, -5.12087578e+01, -2.17793213e+00],
       [-1.63549002e+01, -3.23228043e+01, -2.17793213e+00],
       [-1.18654221e+00, -2.09917026e+01, -2.17793213e+00],
       [ 1.65437499e+01, -2.76332154e+01, -2.17793213e+00],
       [ 2.05348272e+01, -4.61411664e+01, -2.17793213e+00],
       [ 1.60000000e+00, -6.02698119e+01, -2.27635823e+00],
       [-1.50020642e+01, -5.12000629e+01, -2.27635823e+00],
       [-1.63402672e+01, -3.23295012e+01, -2.27635823e+00],
       [-1.18427121e+00, -2.10076343e+01, -2.27635823e+00],
       [ 1.65315709e+01, -2.76437343e+01, -2.27635823e+00],
       [ 2.05193955e+01, -4.61366016e+01, -2.27635823e+00],
       [ 1.60000000e+00, -6.02532286e+01, -2.37470285e+00],
       [-1.49881099e+01, -5.11911029e+01, -2.37470285e+00],
       [-1.63251880e+01, -3.23364023e+01, -2.37470285e+00],
       [-1.18193097e+00, -2.10240516e+01, -2.37470285e+00],
       [ 1.65190206e+01, -2.76545739e+01, -2.37470285e+00],
       [ 2.05034934e+01, -4.61318975e+01, -2.37470285e+00],
       [ 1.60000000e+00, -6.02361551e+01, -2.47296355e+00],
       [-1.49737430e+01, -5.11818780e+01, -2.47296355e+00],
       [-1.63096631e+01, -3.23435074e+01, -2.47296355e+00],
       [-1.17952156e+00, -2.10409543e+01, -2.47296355e+00],
       [ 1.65060993e+01, -2.76657339e+01, -2.47296355e+00],
       [ 2.04871212e+01, -4.61270544e+01, -2.47296355e+00]])}
